(kicad_pcb (version 20171130) (host pcbnew "(6.0.0-rc1-dev-305-gf0b8b21)")

  (general
    (thickness 1.6)
    (drawings 9)
    (tracks 86)
    (zones 0)
    (modules 24)
    (nets 17)
  )

  (page A4)
  (layers
    (0 F.Cu signal)
    (31 B.Cu signal hide)
    (32 B.Adhes user)
    (33 F.Adhes user)
    (34 B.Paste user)
    (35 F.Paste user)
    (36 B.SilkS user)
    (37 F.SilkS user)
    (38 B.Mask user)
    (39 F.Mask user)
    (40 Dwgs.User user)
    (41 Cmts.User user)
    (42 Eco1.User user)
    (43 Eco2.User user)
    (44 Edge.Cuts user)
    (45 Margin user)
    (46 B.CrtYd user)
    (47 F.CrtYd user)
    (48 B.Fab user)
    (49 F.Fab user)
  )

  (setup
    (last_trace_width 0.254)
    (trace_clearance 0.254)
    (zone_clearance 0.508)
    (zone_45_only no)
    (trace_min 0.254)
    (via_size 0.889)
    (via_drill 0.508)
    (via_min_size 0.508)
    (via_min_drill 0.3)
    (uvia_size 0.3)
    (uvia_drill 0.1)
    (uvias_allowed no)
    (uvia_min_size 0.2)
    (uvia_min_drill 0.1)
    (edge_width 0.15)
    (segment_width 0.2)
    (pcb_text_width 0.3)
    (pcb_text_size 1.5 1.5)
    (mod_edge_width 0.15)
    (mod_text_size 1 1)
    (mod_text_width 0.15)
    (pad_size 1.5 1.5)
    (pad_drill 0.89916)
    (pad_to_mask_clearance 0.051)
    (solder_mask_min_width 0.25)
    (aux_axis_origin 0 0)
    (grid_origin 264.838307 32.58091)
    (visible_elements FFFFFF7F)
    (pcbplotparams
      (layerselection 0x010f0_ffffffff)
      (usegerberextensions true)
      (usegerberattributes false)
      (usegerberadvancedattributes false)
      (creategerberjobfile false)
      (excludeedgelayer true)
      (linewidth 0.100000)
      (plotframeref false)
      (viasonmask false)
      (mode 1)
      (useauxorigin false)
      (hpglpennumber 1)
      (hpglpenspeed 20)
      (hpglpendiameter 15.000000)
      (psnegative false)
      (psa4output false)
      (plotreference true)
      (plotvalue true)
      (plotinvisibletext false)
      (padsonsilk true)
      (subtractmaskfromsilk false)
      (outputformat 1)
      (mirror false)
      (drillshape 0)
      (scaleselection 1)
      (outputdirectory "Gerber:Drill/"))
  )

  (net 0 "")
  (net 1 "Net-(C1-Pad2)")
  (net 2 "Net-(C1-Pad1)")
  (net 3 GND)
  (net 4 "Net-(C2-Pad2)")
  (net 5 "Net-(D1-Pad2)")
  (net 6 "Net-(D2-Pad2)")
  (net 7 "Net-(J1-Pad1)")
  (net 8 "Net-(J3-Pad1)")
  (net 9 "Net-(J4-Pad1)")
  (net 10 "Net-(JP4-Pad2)")
  (net 11 "Net-(JP5-Pad2)")
  (net 12 "Net-(U1-Pad11)")
  (net 13 "Net-(JP4-Pad1)")
  (net 14 +6V)
  (net 15 "Net-(U1-Pad1)")
  (net 16 "Net-(U1-Pad3)")

  (net_class Default "This is the default net class."
    (clearance 0.254)
    (trace_width 0.254)
    (via_dia 0.889)
    (via_drill 0.508)
    (uvia_dia 0.3)
    (uvia_drill 0.1)
    (diff_pair_width 0.254)
    (diff_pair_gap 0.254)
    (add_net GND)
    (add_net "Net-(C1-Pad1)")
    (add_net "Net-(C1-Pad2)")
    (add_net "Net-(C2-Pad2)")
    (add_net "Net-(D1-Pad2)")
    (add_net "Net-(D2-Pad2)")
    (add_net "Net-(J1-Pad1)")
    (add_net "Net-(J3-Pad1)")
    (add_net "Net-(J4-Pad1)")
    (add_net "Net-(JP4-Pad1)")
    (add_net "Net-(JP4-Pad2)")
    (add_net "Net-(JP5-Pad2)")
    (add_net "Net-(U1-Pad1)")
    (add_net "Net-(U1-Pad11)")
    (add_net "Net-(U1-Pad3)")
  )

  (net_class Power ""
    (clearance 0.254)
    (trace_width 1.27)
    (via_dia 0.889)
    (via_drill 0.508)
    (uvia_dia 0.3)
    (uvia_drill 0.1)
    (diff_pair_width 0.254)
    (diff_pair_gap 0.254)
    (add_net +6V)
  )

  (module Connector_Coaxial:SMA_Amphenol_132289_EdgeMount (layer F.Cu) (tedit 5A1C1810) (tstamp 5C005E16)
    (at 256.318307 35.33091 90)
    (descr http://www.amphenolrf.com/132289.html)
    (tags SMA)
    (path /5BF5CE7C)
    (attr smd)
    (fp_text reference J4 (at -3.96 -3 180) (layer F.SilkS)
      (effects (font (size 1 1) (thickness 0.15)))
    )
    (fp_text value OSC (at 5 6 90) (layer F.Fab)
      (effects (font (size 1 1) (thickness 0.15)))
    )
    (fp_line (start -1.91 5.08) (end 4.445 5.08) (layer F.Fab) (width 0.1))
    (fp_line (start -1.91 3.81) (end -1.91 5.08) (layer F.Fab) (width 0.1))
    (fp_line (start 2.54 3.81) (end -1.91 3.81) (layer F.Fab) (width 0.1))
    (fp_line (start 2.54 -3.81) (end 2.54 3.81) (layer F.Fab) (width 0.1))
    (fp_line (start -1.91 -3.81) (end 2.54 -3.81) (layer F.Fab) (width 0.1))
    (fp_line (start -1.91 -5.08) (end -1.91 -3.81) (layer F.Fab) (width 0.1))
    (fp_line (start -1.91 -5.08) (end 4.445 -5.08) (layer F.Fab) (width 0.1))
    (fp_line (start 4.445 -3.81) (end 4.445 -5.08) (layer F.Fab) (width 0.1))
    (fp_line (start 4.445 5.08) (end 4.445 3.81) (layer F.Fab) (width 0.1))
    (fp_line (start 13.97 3.81) (end 4.445 3.81) (layer F.Fab) (width 0.1))
    (fp_line (start 13.97 -3.81) (end 13.97 3.81) (layer F.Fab) (width 0.1))
    (fp_line (start 4.445 -3.81) (end 13.97 -3.81) (layer F.Fab) (width 0.1))
    (fp_line (start -3.04 5.58) (end -3.04 -5.58) (layer B.CrtYd) (width 0.05))
    (fp_line (start 14.47 5.58) (end -3.04 5.58) (layer B.CrtYd) (width 0.05))
    (fp_line (start 14.47 -5.58) (end 14.47 5.58) (layer B.CrtYd) (width 0.05))
    (fp_line (start 14.47 -5.58) (end -3.04 -5.58) (layer B.CrtYd) (width 0.05))
    (fp_line (start -3.04 5.58) (end -3.04 -5.58) (layer F.CrtYd) (width 0.05))
    (fp_line (start 14.47 5.58) (end -3.04 5.58) (layer F.CrtYd) (width 0.05))
    (fp_line (start 14.47 -5.58) (end 14.47 5.58) (layer F.CrtYd) (width 0.05))
    (fp_line (start 14.47 -5.58) (end -3.04 -5.58) (layer F.CrtYd) (width 0.05))
    (fp_text user %R (at 4.79 0) (layer F.Fab)
      (effects (font (size 1 1) (thickness 0.15)))
    )
    (fp_line (start 2.54 -0.75) (end 3.54 0) (layer F.Fab) (width 0.1))
    (fp_line (start 3.54 0) (end 2.54 0.75) (layer F.Fab) (width 0.1))
    (fp_line (start -3.21 0) (end -3.71 -0.25) (layer F.SilkS) (width 0.12))
    (fp_line (start -3.71 -0.25) (end -3.71 0.25) (layer F.SilkS) (width 0.12))
    (fp_line (start -3.71 0.25) (end -3.21 0) (layer F.SilkS) (width 0.12))
    (pad 1 smd rect (at 0 0 180) (size 1.5 5.08) (layers F.Cu F.Paste F.Mask)
      (net 9 "Net-(J4-Pad1)"))
    (pad 2 smd rect (at 0 -4.25 180) (size 1.5 5.08) (layers F.Cu F.Paste F.Mask)
      (net 3 GND))
    (pad 2 smd rect (at 0 4.25 180) (size 1.5 5.08) (layers F.Cu F.Paste F.Mask)
      (net 3 GND))
    (pad 2 smd rect (at 0 -4.25 180) (size 1.5 5.08) (layers B.Cu B.Paste B.Mask)
      (net 3 GND))
    (pad 2 smd rect (at 0 4.25 180) (size 1.5 5.08) (layers B.Cu B.Paste B.Mask)
      (net 3 GND))
    (model ${KISYS3DMOD}/Connector_Coaxial.3dshapes/SMA_Amphenol_132289_EdgeMount.wrl
      (at (xyz 0 0 0))
      (scale (xyz 1 1 1))
      (rotate (xyz 0 0 0))
    )
  )

  (module Capacitor_SMD:C_0805_2012Metric (layer F.Cu) (tedit 5B36C52B) (tstamp 5BFD0CFA)
    (at 219.805897 63.593717 180)
    (descr "Capacitor SMD 0805 (2012 Metric), square (rectangular) end terminal, IPC_7351 nominal, (Body size source: https://docs.google.com/spreadsheets/d/1BsfQQcO9C6DZCsRaXUlFlo91Tg2WpOkGARC1WS5S8t0/edit?usp=sharing), generated with kicad-footprint-generator")
    (tags capacitor)
    (path /5BF34F04)
    (attr smd)
    (fp_text reference C1 (at 0 -1.65 180) (layer F.SilkS)
      (effects (font (size 1 1) (thickness 0.15)))
    )
    (fp_text value C (at 0 1.65 180) (layer F.Fab)
      (effects (font (size 1 1) (thickness 0.15)))
    )
    (fp_text user %R (at 0.03 0.47 180) (layer F.Fab)
      (effects (font (size 0.5 0.5) (thickness 0.08)))
    )
    (fp_line (start 1.68 0.95) (end -1.68 0.95) (layer F.CrtYd) (width 0.05))
    (fp_line (start 1.68 -0.95) (end 1.68 0.95) (layer F.CrtYd) (width 0.05))
    (fp_line (start -1.68 -0.95) (end 1.68 -0.95) (layer F.CrtYd) (width 0.05))
    (fp_line (start -1.68 0.95) (end -1.68 -0.95) (layer F.CrtYd) (width 0.05))
    (fp_line (start -0.258578 0.71) (end 0.258578 0.71) (layer F.SilkS) (width 0.12))
    (fp_line (start -0.258578 -0.71) (end 0.258578 -0.71) (layer F.SilkS) (width 0.12))
    (fp_line (start 1 0.6) (end -1 0.6) (layer F.Fab) (width 0.1))
    (fp_line (start 1 -0.6) (end 1 0.6) (layer F.Fab) (width 0.1))
    (fp_line (start -1 -0.6) (end 1 -0.6) (layer F.Fab) (width 0.1))
    (fp_line (start -1 0.6) (end -1 -0.6) (layer F.Fab) (width 0.1))
    (pad 2 smd roundrect (at 0.9375 0 180) (size 0.975 1.4) (layers F.Cu F.Paste F.Mask) (roundrect_rratio 0.25)
      (net 1 "Net-(C1-Pad2)"))
    (pad 1 smd roundrect (at -0.9375 0 180) (size 0.975 1.4) (layers F.Cu F.Paste F.Mask) (roundrect_rratio 0.25)
      (net 2 "Net-(C1-Pad1)"))
    (model ${KISYS3DMOD}/Capacitor_SMD.3dshapes/C_0805_2012Metric.wrl
      (at (xyz 0 0 0))
      (scale (xyz 1 1 1))
      (rotate (xyz 0 0 0))
    )
  )

  (module Capacitor_SMD:C_0805_2012Metric (layer F.Cu) (tedit 5B36C52B) (tstamp 5BFD0D0B)
    (at 234.078397 113.187217 180)
    (descr "Capacitor SMD 0805 (2012 Metric), square (rectangular) end terminal, IPC_7351 nominal, (Body size source: https://docs.google.com/spreadsheets/d/1BsfQQcO9C6DZCsRaXUlFlo91Tg2WpOkGARC1WS5S8t0/edit?usp=sharing), generated with kicad-footprint-generator")
    (tags capacitor)
    (path /5BF63FDD)
    (attr smd)
    (fp_text reference C2 (at 0 -1.65 180) (layer F.SilkS)
      (effects (font (size 1 1) (thickness 0.15)))
    )
    (fp_text value C (at 0 1.65 180) (layer F.Fab)
      (effects (font (size 1 1) (thickness 0.15)))
    )
    (fp_line (start -1 0.6) (end -1 -0.6) (layer F.Fab) (width 0.1))
    (fp_line (start -1 -0.6) (end 1 -0.6) (layer F.Fab) (width 0.1))
    (fp_line (start 1 -0.6) (end 1 0.6) (layer F.Fab) (width 0.1))
    (fp_line (start 1 0.6) (end -1 0.6) (layer F.Fab) (width 0.1))
    (fp_line (start -0.258578 -0.71) (end 0.258578 -0.71) (layer F.SilkS) (width 0.12))
    (fp_line (start -0.258578 0.71) (end 0.258578 0.71) (layer F.SilkS) (width 0.12))
    (fp_line (start -1.68 0.95) (end -1.68 -0.95) (layer F.CrtYd) (width 0.05))
    (fp_line (start -1.68 -0.95) (end 1.68 -0.95) (layer F.CrtYd) (width 0.05))
    (fp_line (start 1.68 -0.95) (end 1.68 0.95) (layer F.CrtYd) (width 0.05))
    (fp_line (start 1.68 0.95) (end -1.68 0.95) (layer F.CrtYd) (width 0.05))
    (fp_text user %R (at 0 0 180) (layer F.Fab)
      (effects (font (size 0.5 0.5) (thickness 0.08)))
    )
    (pad 1 smd roundrect (at -0.9375 0 180) (size 0.975 1.4) (layers F.Cu F.Paste F.Mask) (roundrect_rratio 0.25)
      (net 3 GND))
    (pad 2 smd roundrect (at 0.9375 0 180) (size 0.975 1.4) (layers F.Cu F.Paste F.Mask) (roundrect_rratio 0.25)
      (net 4 "Net-(C2-Pad2)"))
    (model ${KISYS3DMOD}/Capacitor_SMD.3dshapes/C_0805_2012Metric.wrl
      (at (xyz 0 0 0))
      (scale (xyz 1 1 1))
      (rotate (xyz 0 0 0))
    )
  )

  (module Capacitor_SMD:C_0805_2012Metric (layer F.Cu) (tedit 5B36C52B) (tstamp 5BFD0D1C)
    (at 233.849391 98.623213 180)
    (descr "Capacitor SMD 0805 (2012 Metric), square (rectangular) end terminal, IPC_7351 nominal, (Body size source: https://docs.google.com/spreadsheets/d/1BsfQQcO9C6DZCsRaXUlFlo91Tg2WpOkGARC1WS5S8t0/edit?usp=sharing), generated with kicad-footprint-generator")
    (tags capacitor)
    (path /5BF63C11)
    (attr smd)
    (fp_text reference C3 (at 0 -1.65 180) (layer F.SilkS)
      (effects (font (size 1 1) (thickness 0.15)))
    )
    (fp_text value C (at 0 1.65 180) (layer F.Fab)
      (effects (font (size 1 1) (thickness 0.15)))
    )
    (fp_text user %R (at 0 0 180) (layer F.Fab)
      (effects (font (size 0.5 0.5) (thickness 0.08)))
    )
    (fp_line (start 1.68 0.95) (end -1.68 0.95) (layer F.CrtYd) (width 0.05))
    (fp_line (start 1.68 -0.95) (end 1.68 0.95) (layer F.CrtYd) (width 0.05))
    (fp_line (start -1.68 -0.95) (end 1.68 -0.95) (layer F.CrtYd) (width 0.05))
    (fp_line (start -1.68 0.95) (end -1.68 -0.95) (layer F.CrtYd) (width 0.05))
    (fp_line (start -0.258578 0.71) (end 0.258578 0.71) (layer F.SilkS) (width 0.12))
    (fp_line (start -0.258578 -0.71) (end 0.258578 -0.71) (layer F.SilkS) (width 0.12))
    (fp_line (start 1 0.6) (end -1 0.6) (layer F.Fab) (width 0.1))
    (fp_line (start 1 -0.6) (end 1 0.6) (layer F.Fab) (width 0.1))
    (fp_line (start -1 -0.6) (end 1 -0.6) (layer F.Fab) (width 0.1))
    (fp_line (start -1 0.6) (end -1 -0.6) (layer F.Fab) (width 0.1))
    (pad 2 smd roundrect (at 0.9375 0 180) (size 0.975 1.4) (layers F.Cu F.Paste F.Mask) (roundrect_rratio 0.25)
      (net 14 +6V))
    (pad 1 smd roundrect (at -0.9375 0 180) (size 0.975 1.4) (layers F.Cu F.Paste F.Mask) (roundrect_rratio 0.25)
      (net 3 GND))
    (model ${KISYS3DMOD}/Capacitor_SMD.3dshapes/C_0805_2012Metric.wrl
      (at (xyz 0 0 0))
      (scale (xyz 1 1 1))
      (rotate (xyz 0 0 0))
    )
  )

  (module Capacitor_SMD:C_0805_2012Metric (layer F.Cu) (tedit 5B36C52B) (tstamp 5BFD0D2D)
    (at 233.951397 69.499217 180)
    (descr "Capacitor SMD 0805 (2012 Metric), square (rectangular) end terminal, IPC_7351 nominal, (Body size source: https://docs.google.com/spreadsheets/d/1BsfQQcO9C6DZCsRaXUlFlo91Tg2WpOkGARC1WS5S8t0/edit?usp=sharing), generated with kicad-footprint-generator")
    (tags capacitor)
    (path /5BF633DC)
    (attr smd)
    (fp_text reference C4 (at 0 -1.65 180) (layer F.SilkS)
      (effects (font (size 1 1) (thickness 0.15)))
    )
    (fp_text value C (at 0 1.65 180) (layer F.Fab)
      (effects (font (size 1 1) (thickness 0.15)))
    )
    (fp_line (start -1 0.6) (end -1 -0.6) (layer F.Fab) (width 0.1))
    (fp_line (start -1 -0.6) (end 1 -0.6) (layer F.Fab) (width 0.1))
    (fp_line (start 1 -0.6) (end 1 0.6) (layer F.Fab) (width 0.1))
    (fp_line (start 1 0.6) (end -1 0.6) (layer F.Fab) (width 0.1))
    (fp_line (start -0.258578 -0.71) (end 0.258578 -0.71) (layer F.SilkS) (width 0.12))
    (fp_line (start -0.258578 0.71) (end 0.258578 0.71) (layer F.SilkS) (width 0.12))
    (fp_line (start -1.68 0.95) (end -1.68 -0.95) (layer F.CrtYd) (width 0.05))
    (fp_line (start -1.68 -0.95) (end 1.68 -0.95) (layer F.CrtYd) (width 0.05))
    (fp_line (start 1.68 -0.95) (end 1.68 0.95) (layer F.CrtYd) (width 0.05))
    (fp_line (start 1.68 0.95) (end -1.68 0.95) (layer F.CrtYd) (width 0.05))
    (fp_text user %R (at 0 0 180) (layer F.Fab)
      (effects (font (size 0.5 0.5) (thickness 0.08)))
    )
    (pad 1 smd roundrect (at -0.9375 0 180) (size 0.975 1.4) (layers F.Cu F.Paste F.Mask) (roundrect_rratio 0.25)
      (net 3 GND))
    (pad 2 smd roundrect (at 0.9375 0 180) (size 0.975 1.4) (layers F.Cu F.Paste F.Mask) (roundrect_rratio 0.25)
      (net 14 +6V))
    (model ${KISYS3DMOD}/Capacitor_SMD.3dshapes/C_0805_2012Metric.wrl
      (at (xyz 0 0 0))
      (scale (xyz 1 1 1))
      (rotate (xyz 0 0 0))
    )
  )

  (module Diode_THT:D_DO-41_SOD81_P10.16mm_Horizontal (layer F.Cu) (tedit 5AE50CD5) (tstamp 5BFD0D4C)
    (at 227.093397 113.187217 180)
    (descr "Diode, DO-41_SOD81 series, Axial, Horizontal, pin pitch=10.16mm, , length*diameter=5.2*2.7mm^2, , http://www.diodes.com/_files/packages/DO-41%20(Plastic).pdf")
    (tags "Diode DO-41_SOD81 series Axial Horizontal pin pitch 10.16mm  length 5.2mm diameter 2.7mm")
    (path /5BF6099A)
    (fp_text reference D1 (at 5.08 -2.47 180) (layer F.SilkS)
      (effects (font (size 1 1) (thickness 0.15)))
    )
    (fp_text value 1N4001 (at 5.08 2.47 180) (layer F.Fab)
      (effects (font (size 1 1) (thickness 0.15)))
    )
    (fp_text user K (at 0 -2.1 180) (layer F.SilkS)
      (effects (font (size 1 1) (thickness 0.15)))
    )
    (fp_text user K (at 0 -2.1 180) (layer F.Fab)
      (effects (font (size 1 1) (thickness 0.15)))
    )
    (fp_text user %R (at 5.47 0 180) (layer F.Fab)
      (effects (font (size 1 1) (thickness 0.15)))
    )
    (fp_line (start 11.51 -1.6) (end -1.35 -1.6) (layer F.CrtYd) (width 0.05))
    (fp_line (start 11.51 1.6) (end 11.51 -1.6) (layer F.CrtYd) (width 0.05))
    (fp_line (start -1.35 1.6) (end 11.51 1.6) (layer F.CrtYd) (width 0.05))
    (fp_line (start -1.35 -1.6) (end -1.35 1.6) (layer F.CrtYd) (width 0.05))
    (fp_line (start 3.14 -1.47) (end 3.14 1.47) (layer F.SilkS) (width 0.12))
    (fp_line (start 3.38 -1.47) (end 3.38 1.47) (layer F.SilkS) (width 0.12))
    (fp_line (start 3.26 -1.47) (end 3.26 1.47) (layer F.SilkS) (width 0.12))
    (fp_line (start 8.82 0) (end 7.8 0) (layer F.SilkS) (width 0.12))
    (fp_line (start 1.34 0) (end 2.36 0) (layer F.SilkS) (width 0.12))
    (fp_line (start 7.8 -1.47) (end 2.36 -1.47) (layer F.SilkS) (width 0.12))
    (fp_line (start 7.8 1.47) (end 7.8 -1.47) (layer F.SilkS) (width 0.12))
    (fp_line (start 2.36 1.47) (end 7.8 1.47) (layer F.SilkS) (width 0.12))
    (fp_line (start 2.36 -1.47) (end 2.36 1.47) (layer F.SilkS) (width 0.12))
    (fp_line (start 3.16 -1.35) (end 3.16 1.35) (layer F.Fab) (width 0.1))
    (fp_line (start 3.36 -1.35) (end 3.36 1.35) (layer F.Fab) (width 0.1))
    (fp_line (start 3.26 -1.35) (end 3.26 1.35) (layer F.Fab) (width 0.1))
    (fp_line (start 10.16 0) (end 7.68 0) (layer F.Fab) (width 0.1))
    (fp_line (start 0 0) (end 2.48 0) (layer F.Fab) (width 0.1))
    (fp_line (start 7.68 -1.35) (end 2.48 -1.35) (layer F.Fab) (width 0.1))
    (fp_line (start 7.68 1.35) (end 7.68 -1.35) (layer F.Fab) (width 0.1))
    (fp_line (start 2.48 1.35) (end 7.68 1.35) (layer F.Fab) (width 0.1))
    (fp_line (start 2.48 -1.35) (end 2.48 1.35) (layer F.Fab) (width 0.1))
    (pad 2 thru_hole oval (at 10.16 0 180) (size 2.2 2.2) (drill 1.1) (layers *.Cu *.Mask)
      (net 5 "Net-(D1-Pad2)"))
    (pad 1 thru_hole rect (at 0 0 180) (size 2.2 2.2) (drill 1.1) (layers *.Cu *.Mask)
      (net 4 "Net-(C2-Pad2)"))
    (model ${KISYS3DMOD}/Diode_THT.3dshapes/D_DO-41_SOD81_P10.16mm_Horizontal.wrl
      (at (xyz 0 0 0))
      (scale (xyz 1 1 1))
      (rotate (xyz 0 0 0))
    )
  )

  (module LED_THT:LED_D5.0mm (layer F.Cu) (tedit 5995936A) (tstamp 5BFD0D5E)
    (at 224.705391 90.241213)
    (descr "LED, diameter 5.0mm, 2 pins, http://cdn-reichelt.de/documents/datenblatt/A500/LL-504BC2E-009.pdf")
    (tags "LED diameter 5.0mm 2 pins")
    (path /5BF68440)
    (fp_text reference D2 (at 1.27 -3.96) (layer F.SilkS)
      (effects (font (size 1 1) (thickness 0.15)))
    )
    (fp_text value LED (at 1.27 3.96) (layer F.Fab)
      (effects (font (size 1 1) (thickness 0.15)))
    )
    (fp_text user %R (at 1.25 0) (layer F.Fab)
      (effects (font (size 0.8 0.8) (thickness 0.2)))
    )
    (fp_line (start 4.5 -3.25) (end -1.95 -3.25) (layer F.CrtYd) (width 0.05))
    (fp_line (start 4.5 3.25) (end 4.5 -3.25) (layer F.CrtYd) (width 0.05))
    (fp_line (start -1.95 3.25) (end 4.5 3.25) (layer F.CrtYd) (width 0.05))
    (fp_line (start -1.95 -3.25) (end -1.95 3.25) (layer F.CrtYd) (width 0.05))
    (fp_line (start -1.29 -1.545) (end -1.29 1.545) (layer F.SilkS) (width 0.12))
    (fp_line (start -1.23 -1.469694) (end -1.23 1.469694) (layer F.Fab) (width 0.1))
    (fp_circle (center 1.27 0) (end 3.77 0) (layer F.SilkS) (width 0.12))
    (fp_circle (center 1.27 0) (end 3.77 0) (layer F.Fab) (width 0.1))
    (fp_arc (start 1.27 0) (end -1.29 1.54483) (angle -148.9) (layer F.SilkS) (width 0.12))
    (fp_arc (start 1.27 0) (end -1.29 -1.54483) (angle 148.9) (layer F.SilkS) (width 0.12))
    (fp_arc (start 1.27 0) (end -1.23 -1.469694) (angle 299.1) (layer F.Fab) (width 0.1))
    (pad 2 thru_hole circle (at 2.54 0) (size 1.8 1.8) (drill 0.9) (layers *.Cu *.Mask)
      (net 6 "Net-(D2-Pad2)"))
    (pad 1 thru_hole rect (at 0 0) (size 1.8 1.8) (drill 0.9) (layers *.Cu *.Mask)
      (net 3 GND))
    (model ${KISYS3DMOD}/LED_THT.3dshapes/LED_D5.0mm.wrl
      (at (xyz 0 0 0))
      (scale (xyz 1 1 1))
      (rotate (xyz 0 0 0))
    )
  )

  (module Resistor_SMD:R_0805_2012Metric (layer F.Cu) (tedit 5B36C52B) (tstamp 5BFD0DB1)
    (at 228.299897 64.531217 90)
    (descr "Resistor SMD 0805 (2012 Metric), square (rectangular) end terminal, IPC_7351 nominal, (Body size source: https://docs.google.com/spreadsheets/d/1BsfQQcO9C6DZCsRaXUlFlo91Tg2WpOkGARC1WS5S8t0/edit?usp=sharing), generated with kicad-footprint-generator")
    (tags resistor)
    (path /5BF350A6)
    (attr smd)
    (fp_text reference R1 (at 0 -1.65 90) (layer F.SilkS)
      (effects (font (size 1 1) (thickness 0.15)))
    )
    (fp_text value R (at 0 1.65 90) (layer F.Fab)
      (effects (font (size 1 1) (thickness 0.15)))
    )
    (fp_line (start -1 0.6) (end -1 -0.6) (layer F.Fab) (width 0.1))
    (fp_line (start -1 -0.6) (end 1 -0.6) (layer F.Fab) (width 0.1))
    (fp_line (start 1 -0.6) (end 1 0.6) (layer F.Fab) (width 0.1))
    (fp_line (start 1 0.6) (end -1 0.6) (layer F.Fab) (width 0.1))
    (fp_line (start -0.258578 -0.71) (end 0.258578 -0.71) (layer F.SilkS) (width 0.12))
    (fp_line (start -0.258578 0.71) (end 0.258578 0.71) (layer F.SilkS) (width 0.12))
    (fp_line (start -1.68 0.95) (end -1.68 -0.95) (layer F.CrtYd) (width 0.05))
    (fp_line (start -1.68 -0.95) (end 1.68 -0.95) (layer F.CrtYd) (width 0.05))
    (fp_line (start 1.68 -0.95) (end 1.68 0.95) (layer F.CrtYd) (width 0.05))
    (fp_line (start 1.68 0.95) (end -1.68 0.95) (layer F.CrtYd) (width 0.05))
    (fp_text user %R (at 0 0 90) (layer F.Fab)
      (effects (font (size 0.5 0.5) (thickness 0.08)))
    )
    (pad 1 smd roundrect (at -0.9375 0 90) (size 0.975 1.4) (layers F.Cu F.Paste F.Mask) (roundrect_rratio 0.25)
      (net 14 +6V))
    (pad 2 smd roundrect (at 0.9375 0 90) (size 0.975 1.4) (layers F.Cu F.Paste F.Mask) (roundrect_rratio 0.25)
      (net 2 "Net-(C1-Pad1)"))
    (model ${KISYS3DMOD}/Resistor_SMD.3dshapes/R_0805_2012Metric.wrl
      (at (xyz 0 0 0))
      (scale (xyz 1 1 1))
      (rotate (xyz 0 0 0))
    )
  )

  (module Resistor_SMD:R_0805_2012Metric (layer F.Cu) (tedit 5B36C52B) (tstamp 5BFD0DC2)
    (at 228.337997 54.841117 90)
    (descr "Resistor SMD 0805 (2012 Metric), square (rectangular) end terminal, IPC_7351 nominal, (Body size source: https://docs.google.com/spreadsheets/d/1BsfQQcO9C6DZCsRaXUlFlo91Tg2WpOkGARC1WS5S8t0/edit?usp=sharing), generated with kicad-footprint-generator")
    (tags resistor)
    (path /5BF34FD3)
    (attr smd)
    (fp_text reference R2 (at 0 -1.65 90) (layer F.SilkS)
      (effects (font (size 1 1) (thickness 0.15)))
    )
    (fp_text value R (at 0 1.65 90) (layer F.Fab)
      (effects (font (size 1 1) (thickness 0.15)))
    )
    (fp_text user %R (at 0 0 90) (layer F.Fab)
      (effects (font (size 0.5 0.5) (thickness 0.08)))
    )
    (fp_line (start 1.68 0.95) (end -1.68 0.95) (layer F.CrtYd) (width 0.05))
    (fp_line (start 1.68 -0.95) (end 1.68 0.95) (layer F.CrtYd) (width 0.05))
    (fp_line (start -1.68 -0.95) (end 1.68 -0.95) (layer F.CrtYd) (width 0.05))
    (fp_line (start -1.68 0.95) (end -1.68 -0.95) (layer F.CrtYd) (width 0.05))
    (fp_line (start -0.258578 0.71) (end 0.258578 0.71) (layer F.SilkS) (width 0.12))
    (fp_line (start -0.258578 -0.71) (end 0.258578 -0.71) (layer F.SilkS) (width 0.12))
    (fp_line (start 1 0.6) (end -1 0.6) (layer F.Fab) (width 0.1))
    (fp_line (start 1 -0.6) (end 1 0.6) (layer F.Fab) (width 0.1))
    (fp_line (start -1 -0.6) (end 1 -0.6) (layer F.Fab) (width 0.1))
    (fp_line (start -1 0.6) (end -1 -0.6) (layer F.Fab) (width 0.1))
    (pad 2 smd roundrect (at 0.9375 0 90) (size 0.975 1.4) (layers F.Cu F.Paste F.Mask) (roundrect_rratio 0.25)
      (net 3 GND))
    (pad 1 smd roundrect (at -0.9375 0 90) (size 0.975 1.4) (layers F.Cu F.Paste F.Mask) (roundrect_rratio 0.25)
      (net 2 "Net-(C1-Pad1)"))
    (model ${KISYS3DMOD}/Resistor_SMD.3dshapes/R_0805_2012Metric.wrl
      (at (xyz 0 0 0))
      (scale (xyz 1 1 1))
      (rotate (xyz 0 0 0))
    )
  )

  (module Resistor_SMD:R_0805_2012Metric (layer F.Cu) (tedit 5B36C52B) (tstamp 5BFD0DD3)
    (at 231.992891 90.241213)
    (descr "Resistor SMD 0805 (2012 Metric), square (rectangular) end terminal, IPC_7351 nominal, (Body size source: https://docs.google.com/spreadsheets/d/1BsfQQcO9C6DZCsRaXUlFlo91Tg2WpOkGARC1WS5S8t0/edit?usp=sharing), generated with kicad-footprint-generator")
    (tags resistor)
    (path /5BF687EC)
    (attr smd)
    (fp_text reference R3 (at 0 -1.65) (layer F.SilkS)
      (effects (font (size 1 1) (thickness 0.15)))
    )
    (fp_text value R (at 0 1.65) (layer F.Fab)
      (effects (font (size 1 1) (thickness 0.15)))
    )
    (fp_line (start -1 0.6) (end -1 -0.6) (layer F.Fab) (width 0.1))
    (fp_line (start -1 -0.6) (end 1 -0.6) (layer F.Fab) (width 0.1))
    (fp_line (start 1 -0.6) (end 1 0.6) (layer F.Fab) (width 0.1))
    (fp_line (start 1 0.6) (end -1 0.6) (layer F.Fab) (width 0.1))
    (fp_line (start -0.258578 -0.71) (end 0.258578 -0.71) (layer F.SilkS) (width 0.12))
    (fp_line (start -0.258578 0.71) (end 0.258578 0.71) (layer F.SilkS) (width 0.12))
    (fp_line (start -1.68 0.95) (end -1.68 -0.95) (layer F.CrtYd) (width 0.05))
    (fp_line (start -1.68 -0.95) (end 1.68 -0.95) (layer F.CrtYd) (width 0.05))
    (fp_line (start 1.68 -0.95) (end 1.68 0.95) (layer F.CrtYd) (width 0.05))
    (fp_line (start 1.68 0.95) (end -1.68 0.95) (layer F.CrtYd) (width 0.05))
    (fp_text user %R (at 0 0) (layer F.Fab)
      (effects (font (size 0.5 0.5) (thickness 0.08)))
    )
    (pad 1 smd roundrect (at -0.9375 0) (size 0.975 1.4) (layers F.Cu F.Paste F.Mask) (roundrect_rratio 0.25)
      (net 6 "Net-(D2-Pad2)"))
    (pad 2 smd roundrect (at 0.9375 0) (size 0.975 1.4) (layers F.Cu F.Paste F.Mask) (roundrect_rratio 0.25)
      (net 14 +6V))
    (model ${KISYS3DMOD}/Resistor_SMD.3dshapes/R_0805_2012Metric.wrl
      (at (xyz 0 0 0))
      (scale (xyz 1 1 1))
      (rotate (xyz 0 0 0))
    )
  )

  (module Resistor_SMD:R_0805_2012Metric (layer F.Cu) (tedit 5B36C52B) (tstamp 5BFD0DE4)
    (at 252.6525 63.611 180)
    (descr "Resistor SMD 0805 (2012 Metric), square (rectangular) end terminal, IPC_7351 nominal, (Body size source: https://docs.google.com/spreadsheets/d/1BsfQQcO9C6DZCsRaXUlFlo91Tg2WpOkGARC1WS5S8t0/edit?usp=sharing), generated with kicad-footprint-generator")
    (tags resistor)
    (path /5BFA4CB4)
    (attr smd)
    (fp_text reference R5 (at 0 -1.65 180) (layer F.SilkS)
      (effects (font (size 1 1) (thickness 0.15)))
    )
    (fp_text value R (at 0 1.65 180) (layer F.Fab)
      (effects (font (size 1 1) (thickness 0.15)))
    )
    (fp_line (start -1 0.6) (end -1 -0.6) (layer F.Fab) (width 0.1))
    (fp_line (start -1 -0.6) (end 1 -0.6) (layer F.Fab) (width 0.1))
    (fp_line (start 1 -0.6) (end 1 0.6) (layer F.Fab) (width 0.1))
    (fp_line (start 1 0.6) (end -1 0.6) (layer F.Fab) (width 0.1))
    (fp_line (start -0.258578 -0.71) (end 0.258578 -0.71) (layer F.SilkS) (width 0.12))
    (fp_line (start -0.258578 0.71) (end 0.258578 0.71) (layer F.SilkS) (width 0.12))
    (fp_line (start -1.68 0.95) (end -1.68 -0.95) (layer F.CrtYd) (width 0.05))
    (fp_line (start -1.68 -0.95) (end 1.68 -0.95) (layer F.CrtYd) (width 0.05))
    (fp_line (start 1.68 -0.95) (end 1.68 0.95) (layer F.CrtYd) (width 0.05))
    (fp_line (start 1.68 0.95) (end -1.68 0.95) (layer F.CrtYd) (width 0.05))
    (fp_text user %R (at 0 0 180) (layer F.Fab)
      (effects (font (size 0.5 0.5) (thickness 0.08)))
    )
    (pad 1 smd roundrect (at -0.9375 0 180) (size 0.975 1.4) (layers F.Cu F.Paste F.Mask) (roundrect_rratio 0.25)
      (net 8 "Net-(J3-Pad1)"))
    (pad 2 smd roundrect (at 0.9375 0 180) (size 0.975 1.4) (layers F.Cu F.Paste F.Mask) (roundrect_rratio 0.25)
      (net 10 "Net-(JP4-Pad2)"))
    (model ${KISYS3DMOD}/Resistor_SMD.3dshapes/R_0805_2012Metric.wrl
      (at (xyz 0 0 0))
      (scale (xyz 1 1 1))
      (rotate (xyz 0 0 0))
    )
  )

  (module Resistor_SMD:R_0805_2012Metric (layer F.Cu) (tedit 5B36C52B) (tstamp 5BFD0DF5)
    (at 252.6965 69.337 180)
    (descr "Resistor SMD 0805 (2012 Metric), square (rectangular) end terminal, IPC_7351 nominal, (Body size source: https://docs.google.com/spreadsheets/d/1BsfQQcO9C6DZCsRaXUlFlo91Tg2WpOkGARC1WS5S8t0/edit?usp=sharing), generated with kicad-footprint-generator")
    (tags resistor)
    (path /5BFA5C0B)
    (attr smd)
    (fp_text reference R6 (at 0 -1.65 180) (layer F.SilkS)
      (effects (font (size 1 1) (thickness 0.15)))
    )
    (fp_text value R (at 0 1.65 180) (layer F.Fab)
      (effects (font (size 1 1) (thickness 0.15)))
    )
    (fp_text user %R (at 0 0 180) (layer F.Fab)
      (effects (font (size 0.5 0.5) (thickness 0.08)))
    )
    (fp_line (start 1.68 0.95) (end -1.68 0.95) (layer F.CrtYd) (width 0.05))
    (fp_line (start 1.68 -0.95) (end 1.68 0.95) (layer F.CrtYd) (width 0.05))
    (fp_line (start -1.68 -0.95) (end 1.68 -0.95) (layer F.CrtYd) (width 0.05))
    (fp_line (start -1.68 0.95) (end -1.68 -0.95) (layer F.CrtYd) (width 0.05))
    (fp_line (start -0.258578 0.71) (end 0.258578 0.71) (layer F.SilkS) (width 0.12))
    (fp_line (start -0.258578 -0.71) (end 0.258578 -0.71) (layer F.SilkS) (width 0.12))
    (fp_line (start 1 0.6) (end -1 0.6) (layer F.Fab) (width 0.1))
    (fp_line (start 1 -0.6) (end 1 0.6) (layer F.Fab) (width 0.1))
    (fp_line (start -1 -0.6) (end 1 -0.6) (layer F.Fab) (width 0.1))
    (fp_line (start -1 0.6) (end -1 -0.6) (layer F.Fab) (width 0.1))
    (pad 2 smd roundrect (at 0.9375 0 180) (size 0.975 1.4) (layers F.Cu F.Paste F.Mask) (roundrect_rratio 0.25)
      (net 11 "Net-(JP5-Pad2)"))
    (pad 1 smd roundrect (at -0.9375 0 180) (size 0.975 1.4) (layers F.Cu F.Paste F.Mask) (roundrect_rratio 0.25)
      (net 8 "Net-(J3-Pad1)"))
    (model ${KISYS3DMOD}/Resistor_SMD.3dshapes/R_0805_2012Metric.wrl
      (at (xyz 0 0 0))
      (scale (xyz 1 1 1))
      (rotate (xyz 0 0 0))
    )
  )

  (module Resistor_SMD:R_0805_2012Metric (layer F.Cu) (tedit 5B36C52B) (tstamp 5BFF587F)
    (at 256.369662 56.91565 90)
    (descr "Resistor SMD 0805 (2012 Metric), square (rectangular) end terminal, IPC_7351 nominal, (Body size source: https://docs.google.com/spreadsheets/d/1BsfQQcO9C6DZCsRaXUlFlo91Tg2WpOkGARC1WS5S8t0/edit?usp=sharing), generated with kicad-footprint-generator")
    (tags resistor)
    (path /5BF35A5D)
    (attr smd)
    (fp_text reference R7 (at 0 -1.65 90) (layer F.SilkS)
      (effects (font (size 1 1) (thickness 0.15)))
    )
    (fp_text value R (at 0 1.65 90) (layer F.Fab)
      (effects (font (size 1 1) (thickness 0.15)))
    )
    (fp_line (start -1 0.6) (end -1 -0.6) (layer F.Fab) (width 0.1))
    (fp_line (start -1 -0.6) (end 1 -0.6) (layer F.Fab) (width 0.1))
    (fp_line (start 1 -0.6) (end 1 0.6) (layer F.Fab) (width 0.1))
    (fp_line (start 1 0.6) (end -1 0.6) (layer F.Fab) (width 0.1))
    (fp_line (start -0.258578 -0.71) (end 0.258578 -0.71) (layer F.SilkS) (width 0.12))
    (fp_line (start -0.258578 0.71) (end 0.258578 0.71) (layer F.SilkS) (width 0.12))
    (fp_line (start -1.68 0.95) (end -1.68 -0.95) (layer F.CrtYd) (width 0.05))
    (fp_line (start -1.68 -0.95) (end 1.68 -0.95) (layer F.CrtYd) (width 0.05))
    (fp_line (start 1.68 -0.95) (end 1.68 0.95) (layer F.CrtYd) (width 0.05))
    (fp_line (start 1.68 0.95) (end -1.68 0.95) (layer F.CrtYd) (width 0.05))
    (fp_text user %R (at 0 0 90) (layer F.Fab)
      (effects (font (size 0.5 0.5) (thickness 0.08)))
    )
    (pad 1 smd roundrect (at -0.9375 0 90) (size 0.975 1.4) (layers F.Cu F.Paste F.Mask) (roundrect_rratio 0.25)
      (net 8 "Net-(J3-Pad1)"))
    (pad 2 smd roundrect (at 0.9375 0 90) (size 0.975 1.4) (layers F.Cu F.Paste F.Mask) (roundrect_rratio 0.25)
      (net 9 "Net-(J4-Pad1)"))
    (model ${KISYS3DMOD}/Resistor_SMD.3dshapes/R_0805_2012Metric.wrl
      (at (xyz 0 0 0))
      (scale (xyz 1 1 1))
      (rotate (xyz 0 0 0))
    )
  )

  (module My_Footprints:L7806ABV (layer F.Cu) (tedit 5BFBA1A4) (tstamp 5BFD0E36)
    (at 231.563391 103.195213 90)
    (path /5BF5D575)
    (fp_text reference U2 (at -2.54 6.35 90) (layer F.SilkS)
      (effects (font (size 1 1) (thickness 0.15)))
    )
    (fp_text value L7806 (at -2.54 4.445 90) (layer F.SilkS)
      (effects (font (size 1 1) (thickness 0.15)))
    )
    (fp_text user * (at 0 0 90) (layer F.SilkS)
      (effects (font (size 1 1) (thickness 0.15)))
    )
    (fp_text user * (at 0 0 90) (layer F.Fab)
      (effects (font (size 1 1) (thickness 0.15)))
    )
    (fp_line (start -5.354 1.524) (end -4.846 1.524) (layer F.Fab) (width 0.1524))
    (fp_line (start -5.1 1.778) (end -5.1 1.27) (layer F.Fab) (width 0.1524))
    (fp_line (start -7.884 3.1877) (end 2.784 3.1877) (layer F.SilkS) (width 0.1524))
    (fp_line (start 2.784 3.1877) (end 2.784 -1.6637) (layer F.SilkS) (width 0.1524))
    (fp_line (start 2.784 -1.6637) (end -7.884 -1.6637) (layer F.SilkS) (width 0.1524))
    (fp_line (start -7.884 -1.6637) (end -7.884 3.1877) (layer F.SilkS) (width 0.1524))
    (fp_line (start -7.757 3.0607) (end 2.657 3.0607) (layer F.Fab) (width 0.1524))
    (fp_line (start 2.657 3.0607) (end 2.657 -1.5367) (layer F.Fab) (width 0.1524))
    (fp_line (start 2.657 -1.5367) (end -7.757 -1.5367) (layer F.Fab) (width 0.1524))
    (fp_line (start -7.757 -1.5367) (end -7.757 3.0607) (layer F.Fab) (width 0.1524))
    (fp_line (start -8.011 3.3147) (end -8.011 -1.7907) (layer F.CrtYd) (width 0.1524))
    (fp_line (start -8.011 -1.7907) (end 2.911 -1.7907) (layer F.CrtYd) (width 0.1524))
    (fp_line (start 2.911 -1.7907) (end 2.911 3.3147) (layer F.CrtYd) (width 0.1524))
    (fp_line (start 2.911 3.3147) (end -8.011 3.3147) (layer F.CrtYd) (width 0.1524))
    (fp_circle (center -9.662 1.524) (end -9.4588 1.524) (layer F.SilkS) (width 0.1524))
    (fp_circle (center -7.249 1.524) (end -7.0458 1.524) (layer F.Fab) (width 0.1524))
    (pad 1 thru_hole rect (at -5.1 1.524 90) (size 2.032 2.032) (drill 1.524) (layers *.Cu *.Mask)
      (net 4 "Net-(C2-Pad2)"))
    (pad 2 thru_hole circle (at -2.55 1.524 90) (size 2.032 2.032) (drill 1.524) (layers *.Cu *.Mask)
      (net 3 GND))
    (pad 3 thru_hole circle (at 0 1.524 90) (size 2.032 2.032) (drill 1.524) (layers *.Cu *.Mask)
      (net 14 +6V))
  )

  (module digikey:SN74HC00DR (layer F.Cu) (tedit 0) (tstamp 5BFF6FE9)
    (at 235.368307 61.65091 180)
    (path /5BF5D5E6)
    (fp_text reference U1 (at 0 0 180) (layer F.SilkS)
      (effects (font (size 1 1) (thickness 0.15)))
    )
    (fp_text value 74HC00 (at 0 0 180) (layer F.SilkS)
      (effects (font (size 1 1) (thickness 0.15)))
    )
    (fp_arc (start 0 -4.3688) (end 0.3048 -4.3688) (angle 180) (layer F.Fab) (width 0.1524))
    (fp_line (start -2.2479 4.3434) (end -3.7084 4.3434) (layer F.CrtYd) (width 0.1524))
    (fp_line (start -2.2479 4.6228) (end -2.2479 4.3434) (layer F.CrtYd) (width 0.1524))
    (fp_line (start 2.2479 4.6228) (end -2.2479 4.6228) (layer F.CrtYd) (width 0.1524))
    (fp_line (start 2.2479 4.3434) (end 2.2479 4.6228) (layer F.CrtYd) (width 0.1524))
    (fp_line (start 3.7084 4.3434) (end 2.2479 4.3434) (layer F.CrtYd) (width 0.1524))
    (fp_line (start 3.7084 -4.3434) (end 3.7084 4.3434) (layer F.CrtYd) (width 0.1524))
    (fp_line (start 2.2479 -4.3434) (end 3.7084 -4.3434) (layer F.CrtYd) (width 0.1524))
    (fp_line (start 2.2479 -4.6228) (end 2.2479 -4.3434) (layer F.CrtYd) (width 0.1524))
    (fp_line (start -2.2479 -4.6228) (end 2.2479 -4.6228) (layer F.CrtYd) (width 0.1524))
    (fp_line (start -2.2479 -4.3434) (end -2.2479 -4.6228) (layer F.CrtYd) (width 0.1524))
    (fp_line (start -3.7084 -4.3434) (end -2.2479 -4.3434) (layer F.CrtYd) (width 0.1524))
    (fp_line (start -3.7084 4.3434) (end -3.7084 -4.3434) (layer F.CrtYd) (width 0.1524))
    (fp_line (start 3.7084 1.0795) (end 3.9624 1.0795) (layer F.SilkS) (width 0.1524))
    (fp_line (start 3.7084 1.4605) (end 3.7084 1.0795) (layer F.SilkS) (width 0.1524))
    (fp_line (start 3.9624 1.4605) (end 3.7084 1.4605) (layer F.SilkS) (width 0.1524))
    (fp_line (start 3.9624 1.0795) (end 3.9624 1.4605) (layer F.SilkS) (width 0.1524))
    (fp_line (start -1.9939 -4.3688) (end -1.9939 4.3688) (layer F.Fab) (width 0.1524))
    (fp_line (start 1.9939 -4.3688) (end -1.9939 -4.3688) (layer F.Fab) (width 0.1524))
    (fp_line (start 1.9939 4.3688) (end 1.9939 -4.3688) (layer F.Fab) (width 0.1524))
    (fp_line (start -1.9939 4.3688) (end 1.9939 4.3688) (layer F.Fab) (width 0.1524))
    (fp_line (start 2.1209 -4.4958) (end -2.1209 -4.4958) (layer F.SilkS) (width 0.1524))
    (fp_line (start -2.1209 4.4958) (end 2.1209 4.4958) (layer F.SilkS) (width 0.1524))
    (fp_line (start 3.0988 -4.064) (end 1.9939 -4.064) (layer F.Fab) (width 0.1524))
    (fp_line (start 3.0988 -3.556) (end 3.0988 -4.064) (layer F.Fab) (width 0.1524))
    (fp_line (start 1.9939 -3.556) (end 3.0988 -3.556) (layer F.Fab) (width 0.1524))
    (fp_line (start 1.9939 -4.064) (end 1.9939 -3.556) (layer F.Fab) (width 0.1524))
    (fp_line (start 3.0988 -2.794) (end 1.9939 -2.794) (layer F.Fab) (width 0.1524))
    (fp_line (start 3.0988 -2.286) (end 3.0988 -2.794) (layer F.Fab) (width 0.1524))
    (fp_line (start 1.9939 -2.286) (end 3.0988 -2.286) (layer F.Fab) (width 0.1524))
    (fp_line (start 1.9939 -2.794) (end 1.9939 -2.286) (layer F.Fab) (width 0.1524))
    (fp_line (start 3.0988 -1.524) (end 1.9939 -1.524) (layer F.Fab) (width 0.1524))
    (fp_line (start 3.0988 -1.016) (end 3.0988 -1.524) (layer F.Fab) (width 0.1524))
    (fp_line (start 1.9939 -1.016) (end 3.0988 -1.016) (layer F.Fab) (width 0.1524))
    (fp_line (start 1.9939 -1.524) (end 1.9939 -1.016) (layer F.Fab) (width 0.1524))
    (fp_line (start 3.0988 -0.254) (end 1.9939 -0.254) (layer F.Fab) (width 0.1524))
    (fp_line (start 3.0988 0.254) (end 3.0988 -0.254) (layer F.Fab) (width 0.1524))
    (fp_line (start 1.9939 0.254) (end 3.0988 0.254) (layer F.Fab) (width 0.1524))
    (fp_line (start 1.9939 -0.254) (end 1.9939 0.254) (layer F.Fab) (width 0.1524))
    (fp_line (start 3.0988 1.016) (end 1.9939 1.016) (layer F.Fab) (width 0.1524))
    (fp_line (start 3.0988 1.524) (end 3.0988 1.016) (layer F.Fab) (width 0.1524))
    (fp_line (start 1.9939 1.524) (end 3.0988 1.524) (layer F.Fab) (width 0.1524))
    (fp_line (start 1.9939 1.016) (end 1.9939 1.524) (layer F.Fab) (width 0.1524))
    (fp_line (start 3.0988 2.286) (end 1.9939 2.286) (layer F.Fab) (width 0.1524))
    (fp_line (start 3.0988 2.794) (end 3.0988 2.286) (layer F.Fab) (width 0.1524))
    (fp_line (start 1.9939 2.794) (end 3.0988 2.794) (layer F.Fab) (width 0.1524))
    (fp_line (start 1.9939 2.286) (end 1.9939 2.794) (layer F.Fab) (width 0.1524))
    (fp_line (start 3.0988 3.556) (end 1.9939 3.556) (layer F.Fab) (width 0.1524))
    (fp_line (start 3.0988 4.064) (end 3.0988 3.556) (layer F.Fab) (width 0.1524))
    (fp_line (start 1.9939 4.064) (end 3.0988 4.064) (layer F.Fab) (width 0.1524))
    (fp_line (start 1.9939 3.556) (end 1.9939 4.064) (layer F.Fab) (width 0.1524))
    (fp_line (start -3.0988 4.064) (end -1.9939 4.064) (layer F.Fab) (width 0.1524))
    (fp_line (start -3.0988 3.556) (end -3.0988 4.064) (layer F.Fab) (width 0.1524))
    (fp_line (start -1.9939 3.556) (end -3.0988 3.556) (layer F.Fab) (width 0.1524))
    (fp_line (start -1.9939 4.064) (end -1.9939 3.556) (layer F.Fab) (width 0.1524))
    (fp_line (start -3.0988 2.794) (end -1.9939 2.794) (layer F.Fab) (width 0.1524))
    (fp_line (start -3.0988 2.286) (end -3.0988 2.794) (layer F.Fab) (width 0.1524))
    (fp_line (start -1.9939 2.286) (end -3.0988 2.286) (layer F.Fab) (width 0.1524))
    (fp_line (start -1.9939 2.794) (end -1.9939 2.286) (layer F.Fab) (width 0.1524))
    (fp_line (start -3.0988 1.524) (end -1.9939 1.524) (layer F.Fab) (width 0.1524))
    (fp_line (start -3.0988 1.016) (end -3.0988 1.524) (layer F.Fab) (width 0.1524))
    (fp_line (start -1.9939 1.016) (end -3.0988 1.016) (layer F.Fab) (width 0.1524))
    (fp_line (start -1.9939 1.524) (end -1.9939 1.016) (layer F.Fab) (width 0.1524))
    (fp_line (start -3.0988 0.254) (end -1.9939 0.254) (layer F.Fab) (width 0.1524))
    (fp_line (start -3.0988 -0.254) (end -3.0988 0.254) (layer F.Fab) (width 0.1524))
    (fp_line (start -1.9939 -0.254) (end -3.0988 -0.254) (layer F.Fab) (width 0.1524))
    (fp_line (start -1.9939 0.254) (end -1.9939 -0.254) (layer F.Fab) (width 0.1524))
    (fp_line (start -3.0988 -1.016) (end -1.9939 -1.016) (layer F.Fab) (width 0.1524))
    (fp_line (start -3.0988 -1.524) (end -3.0988 -1.016) (layer F.Fab) (width 0.1524))
    (fp_line (start -1.9939 -1.524) (end -3.0988 -1.524) (layer F.Fab) (width 0.1524))
