(kicad_pcb (version 20171130) (host pcbnew "(5.0.1)-4")

  (general
    (thickness 1.6)
    (drawings 0)
    (tracks 1)
    (zones 0)
    (modules 24)
    (nets 17)
  )

  (page A4)
  (layers
    (0 F.Cu signal)
    (31 B.Cu signal)
    (32 B.Adhes user)
    (33 F.Adhes user)
    (34 B.Paste user)
    (35 F.Paste user)
    (36 B.SilkS user)
    (37 F.SilkS user)
    (38 B.Mask user)
    (39 F.Mask user)
    (40 Dwgs.User user)
    (41 Cmts.User user)
    (42 Eco1.User user)
    (43 Eco2.User user)
    (44 Edge.Cuts user)
    (45 Margin user)
    (46 B.CrtYd user)
    (47 F.CrtYd user)
    (48 B.Fab user)
    (49 F.Fab user)
  )

  (setup
    (last_trace_width 0.25)
    (trace_clearance 0.2)
    (zone_clearance 0.508)
    (zone_45_only no)
    (trace_min 0.2)
    (segment_width 0.2)
    (edge_width 0.15)
    (via_size 0.8)
    (via_drill 0.4)
    (via_min_size 0.4)
    (via_min_drill 0.3)
    (uvia_size 0.3)
    (uvia_drill 0.1)
    (uvias_allowed no)
    (uvia_min_size 0.2)
    (uvia_min_drill 0.1)
    (pcb_text_width 0.3)
    (pcb_text_size 1.5 1.5)
    (mod_edge_width 0.15)
    (mod_text_size 1 1)
    (mod_text_width 0.15)
    (pad_size 1.524 1.524)
    (pad_drill 0.762)
    (pad_to_mask_clearance 0.051)
    (solder_mask_min_width 0.25)
    (aux_axis_origin 0 0)
    (grid_origin 204.47 83.82)
    (visible_elements 7FFFFFFF)
    (pcbplotparams
      (layerselection 0x010fc_ffffffff)
      (usegerberextensions false)
      (usegerberattributes false)
      (usegerberadvancedattributes false)
      (creategerberjobfile false)
      (excludeedgelayer true)
      (linewidth 0.100000)
      (plotframeref false)
      (viasonmask false)
      (mode 1)
      (useauxorigin false)
      (hpglpennumber 1)
      (hpglpenspeed 20)
      (hpglpendiameter 15.000000)
      (psnegative false)
      (psa4output false)
      (plotreference true)
      (plotvalue true)
      (plotinvisibletext false)
      (padsonsilk false)
      (subtractmaskfromsilk false)
      (outputformat 1)
      (mirror false)
      (drillshape 1)
      (scaleselection 1)
      (outputdirectory ""))
  )

  (net 0 "")
  (net 1 "Net-(C1-Pad2)")
  (net 2 "Net-(C1-Pad1)")
  (net 3 GND)
  (net 4 "Net-(C2-Pad2)")
  (net 5 VCC)
  (net 6 "Net-(D1-Pad2)")
  (net 7 "Net-(D2-Pad2)")
  (net 8 "Net-(J1-Pad1)")
  (net 9 "Net-(J3-Pad1)")
  (net 10 "Net-(JP4-Pad2)")
  (net 11 "Net-(JP5-Pad2)")
  (net 12 "Net-(U1-Pad12)")
  (net 13 "Net-(U1-Pad11)")
  (net 14 "Net-(U1-Pad13)")
  (net 15 "Net-(JP4-Pad1)")
  (net 16 "Net-(J4-Pad1)")

  (net_class Default "This is the default net class."
    (clearance 0.2)
    (trace_width 0.25)
    (via_dia 0.8)
    (via_drill 0.4)
    (uvia_dia 0.3)
    (uvia_drill 0.1)
    (add_net GND)
    (add_net "Net-(C1-Pad1)")
    (add_net "Net-(C1-Pad2)")
    (add_net "Net-(C2-Pad2)")
    (add_net "Net-(D1-Pad2)")
    (add_net "Net-(D2-Pad2)")
    (add_net "Net-(J1-Pad1)")
    (add_net "Net-(J3-Pad1)")
    (add_net "Net-(J4-Pad1)")
    (add_net "Net-(JP4-Pad1)")
    (add_net "Net-(JP4-Pad2)")
    (add_net "Net-(JP5-Pad2)")
    (add_net "Net-(U1-Pad11)")
    (add_net "Net-(U1-Pad12)")
    (add_net "Net-(U1-Pad13)")
    (add_net VCC)
  )

  (module Capacitor_SMD:C_0805_2012Metric (layer F.Cu) (tedit 5B36C52B) (tstamp 5BFD0E77)
    (at 136.2225 104.14)
    (descr "Capacitor SMD 0805 (2012 Metric), square (rectangular) end terminal, IPC_7351 nominal, (Body size source: https://docs.google.com/spreadsheets/d/1BsfQQcO9C6DZCsRaXUlFlo91Tg2WpOkGARC1WS5S8t0/edit?usp=sharing), generated with kicad-footprint-generator")
    (tags capacitor)
    (path /5BF34F04)
    (attr smd)
    (fp_text reference C1 (at 0 -1.65) (layer F.SilkS)
      (effects (font (size 1 1) (thickness 0.15)))
    )
    (fp_text value C (at 0 1.65) (layer F.Fab)
      (effects (font (size 1 1) (thickness 0.15)))
    )
    (fp_text user %R (at 0 0) (layer F.Fab)
      (effects (font (size 0.5 0.5) (thickness 0.08)))
    )
    (fp_line (start 1.68 0.95) (end -1.68 0.95) (layer F.CrtYd) (width 0.05))
    (fp_line (start 1.68 -0.95) (end 1.68 0.95) (layer F.CrtYd) (width 0.05))
    (fp_line (start -1.68 -0.95) (end 1.68 -0.95) (layer F.CrtYd) (width 0.05))
    (fp_line (start -1.68 0.95) (end -1.68 -0.95) (layer F.CrtYd) (width 0.05))
    (fp_line (start -0.258578 0.71) (end 0.258578 0.71) (layer F.SilkS) (width 0.12))
    (fp_line (start -0.258578 -0.71) (end 0.258578 -0.71) (layer F.SilkS) (width 0.12))
    (fp_line (start 1 0.6) (end -1 0.6) (layer F.Fab) (width 0.1))
    (fp_line (start 1 -0.6) (end 1 0.6) (layer F.Fab) (width 0.1))
    (fp_line (start -1 -0.6) (end 1 -0.6) (layer F.Fab) (width 0.1))
    (fp_line (start -1 0.6) (end -1 -0.6) (layer F.Fab) (width 0.1))
    (pad 2 smd roundrect (at 0.9375 0) (size 0.975 1.4) (layers F.Cu F.Paste F.Mask) (roundrect_rratio 0.25)
      (net 1 "Net-(C1-Pad2)"))
    (pad 1 smd roundrect (at -0.9375 0) (size 0.975 1.4) (layers F.Cu F.Paste F.Mask) (roundrect_rratio 0.25)
      (net 2 "Net-(C1-Pad1)"))
    (model ${KISYS3DMOD}/Capacitor_SMD.3dshapes/C_0805_2012Metric.wrl
      (at (xyz 0 0 0))
      (scale (xyz 1 1 1))
      (rotate (xyz 0 0 0))
    )
  )

  (module Capacitor_SMD:C_0805_2012Metric (layer F.Cu) (tedit 5B36C52B) (tstamp 5BFD0E88)
    (at 132.4125 104.14)
    (descr "Capacitor SMD 0805 (2012 Metric), square (rectangular) end terminal, IPC_7351 nominal, (Body size source: https://docs.google.com/spreadsheets/d/1BsfQQcO9C6DZCsRaXUlFlo91Tg2WpOkGARC1WS5S8t0/edit?usp=sharing), generated with kicad-footprint-generator")
    (tags capacitor)
    (path /5BF63FDD)
    (attr smd)
    (fp_text reference C2 (at 0 -1.65) (layer F.SilkS)
      (effects (font (size 1 1) (thickness 0.15)))
    )
    (fp_text value C (at 0 1.65) (layer F.Fab)
      (effects (font (size 1 1) (thickness 0.15)))
    )
    (fp_text user %R (at 0 0) (layer F.Fab)
      (effects (font (size 0.5 0.5) (thickness 0.08)))
    )
    (fp_line (start 1.68 0.95) (end -1.68 0.95) (layer F.CrtYd) (width 0.05))
    (fp_line (start 1.68 -0.95) (end 1.68 0.95) (layer F.CrtYd) (width 0.05))
    (fp_line (start -1.68 -0.95) (end 1.68 -0.95) (layer F.CrtYd) (width 0.05))
    (fp_line (start -1.68 0.95) (end -1.68 -0.95) (layer F.CrtYd) (width 0.05))
    (fp_line (start -0.258578 0.71) (end 0.258578 0.71) (layer F.SilkS) (width 0.12))
    (fp_line (start -0.258578 -0.71) (end 0.258578 -0.71) (layer F.SilkS) (width 0.12))
    (fp_line (start 1 0.6) (end -1 0.6) (layer F.Fab) (width 0.1))
    (fp_line (start 1 -0.6) (end 1 0.6) (layer F.Fab) (width 0.1))
    (fp_line (start -1 -0.6) (end 1 -0.6) (layer F.Fab) (width 0.1))
    (fp_line (start -1 0.6) (end -1 -0.6) (layer F.Fab) (width 0.1))
    (pad 2 smd roundrect (at 0.9375 0) (size 0.975 1.4) (layers F.Cu F.Paste F.Mask) (roundrect_rratio 0.25)
      (net 4 "Net-(C2-Pad2)"))
    (pad 1 smd roundrect (at -0.9375 0) (size 0.975 1.4) (layers F.Cu F.Paste F.Mask) (roundrect_rratio 0.25)
      (net 3 GND))
    (model ${KISYS3DMOD}/Capacitor_SMD.3dshapes/C_0805_2012Metric.wrl
      (at (xyz 0 0 0))
      (scale (xyz 1 1 1))
      (rotate (xyz 0 0 0))
    )
  )

  (module Capacitor_SMD:C_0805_2012Metric (layer F.Cu) (tedit 5B36C52B) (tstamp 5BFD0E99)
    (at 140.0325 104.14)
    (descr "Capacitor SMD 0805 (2012 Metric), square (rectangular) end terminal, IPC_7351 nominal, (Body size source: https://docs.google.com/spreadsheets/d/1BsfQQcO9C6DZCsRaXUlFlo91Tg2WpOkGARC1WS5S8t0/edit?usp=sharing), generated with kicad-footprint-generator")
    (tags capacitor)
    (path /5BF63C11)
    (attr smd)
    (fp_text reference C3 (at 0 -1.65) (layer F.SilkS)
      (effects (font (size 1 1) (thickness 0.15)))
    )
    (fp_text value C (at 0 1.65) (layer F.Fab)
      (effects (font (size 1 1) (thickness 0.15)))
    )
    (fp_line (start -1 0.6) (end -1 -0.6) (layer F.Fab) (width 0.1))
    (fp_line (start -1 -0.6) (end 1 -0.6) (layer F.Fab) (width 0.1))
    (fp_line (start 1 -0.6) (end 1 0.6) (layer F.Fab) (width 0.1))
    (fp_line (start 1 0.6) (end -1 0.6) (layer F.Fab) (width 0.1))
    (fp_line (start -0.258578 -0.71) (end 0.258578 -0.71) (layer F.SilkS) (width 0.12))
    (fp_line (start -0.258578 0.71) (end 0.258578 0.71) (layer F.SilkS) (width 0.12))
    (fp_line (start -1.68 0.95) (end -1.68 -0.95) (layer F.CrtYd) (width 0.05))
    (fp_line (start -1.68 -0.95) (end 1.68 -0.95) (layer F.CrtYd) (width 0.05))
    (fp_line (start 1.68 -0.95) (end 1.68 0.95) (layer F.CrtYd) (width 0.05))
    (fp_line (start 1.68 0.95) (end -1.68 0.95) (layer F.CrtYd) (width 0.05))
    (fp_text user %R (at 0 0) (layer F.Fab)
      (effects (font (size 0.5 0.5) (thickness 0.08)))
    )
    (pad 1 smd roundrect (at -0.9375 0) (size 0.975 1.4) (layers F.Cu F.Paste F.Mask) (roundrect_rratio 0.25)
      (net 3 GND))
    (pad 2 smd roundrect (at 0.9375 0) (size 0.975 1.4) (layers F.Cu F.Paste F.Mask) (roundrect_rratio 0.25)
      (net 5 VCC))
    (model ${KISYS3DMOD}/Capacitor_SMD.3dshapes/C_0805_2012Metric.wrl
      (at (xyz 0 0 0))
      (scale (xyz 1 1 1))
      (rotate (xyz 0 0 0))
    )
  )

  (module Capacitor_SMD:C_0805_2012Metric (layer F.Cu) (tedit 5B36C52B) (tstamp 5BFD0EAA)
    (at 128.6025 102.87)
    (descr "Capacitor SMD 0805 (2012 Metric), square (rectangular) end terminal, IPC_7351 nominal, (Body size source: https://docs.google.com/spreadsheets/d/1BsfQQcO9C6DZCsRaXUlFlo91Tg2WpOkGARC1WS5S8t0/edit?usp=sharing), generated with kicad-footprint-generator")
    (tags capacitor)
    (path /5BF633DC)
    (attr smd)
    (fp_text reference C4 (at 0 -1.65) (layer F.SilkS)
      (effects (font (size 1 1) (thickness 0.15)))
    )
    (fp_text value C (at 0 1.65) (layer F.Fab)
      (effects (font (size 1 1) (thickness 0.15)))
    )
    (fp_line (start -1 0.6) (end -1 -0.6) (layer F.Fab) (width 0.1))
    (fp_line (start -1 -0.6) (end 1 -0.6) (layer F.Fab) (width 0.1))
    (fp_line (start 1 -0.6) (end 1 0.6) (layer F.Fab) (width 0.1))
    (fp_line (start 1 0.6) (end -1 0.6) (layer F.Fab) (width 0.1))
    (fp_line (start -0.258578 -0.71) (end 0.258578 -0.71) (layer F.SilkS) (width 0.12))
    (fp_line (start -0.258578 0.71) (end 0.258578 0.71) (layer F.SilkS) (width 0.12))
    (fp_line (start -1.68 0.95) (end -1.68 -0.95) (layer F.CrtYd) (width 0.05))
    (fp_line (start -1.68 -0.95) (end 1.68 -0.95) (layer F.CrtYd) (width 0.05))
    (fp_line (start 1.68 -0.95) (end 1.68 0.95) (layer F.CrtYd) (width 0.05))
    (fp_line (start 1.68 0.95) (end -1.68 0.95) (layer F.CrtYd) (width 0.05))
    (fp_text user %R (at 0 0) (layer F.Fab)
      (effects (font (size 0.5 0.5) (thickness 0.08)))
    )
    (pad 1 smd roundrect (at -0.9375 0) (size 0.975 1.4) (layers F.Cu F.Paste F.Mask) (roundrect_rratio 0.25)
      (net 3 GND))
    (pad 2 smd roundrect (at 0.9375 0) (size 0.975 1.4) (layers F.Cu F.Paste F.Mask) (roundrect_rratio 0.25)
      (net 5 VCC))
    (model ${KISYS3DMOD}/Capacitor_SMD.3dshapes/C_0805_2012Metric.wrl
      (at (xyz 0 0 0))
      (scale (xyz 1 1 1))
      (rotate (xyz 0 0 0))
    )
  )

  (module Diode_THT:D_DO-41_SOD81_P10.16mm_Horizontal (layer F.Cu) (tedit 5AE50CD5) (tstamp 5BFD0EC9)
    (at 144.885001 83.075001)
    (descr "Diode, DO-41_SOD81 series, Axial, Horizontal, pin pitch=10.16mm, , length*diameter=5.2*2.7mm^2, , http://www.diodes.com/_files/packages/DO-41%20(Plastic).pdf")
    (tags "Diode DO-41_SOD81 series Axial Horizontal pin pitch 10.16mm  length 5.2mm diameter 2.7mm")
    (path /5BF6099A)
    (fp_text reference D1 (at 5.08 -2.47) (layer F.SilkS)
      (effects (font (size 1 1) (thickness 0.15)))
    )
    (fp_text value 1N4001 (at 5.08 2.47) (layer F.Fab)
      (effects (font (size 1 1) (thickness 0.15)))
    )
    (fp_line (start 2.48 -1.35) (end 2.48 1.35) (layer F.Fab) (width 0.1))
    (fp_line (start 2.48 1.35) (end 7.68 1.35) (layer F.Fab) (width 0.1))
    (fp_line (start 7.68 1.35) (end 7.68 -1.35) (layer F.Fab) (width 0.1))
    (fp_line (start 7.68 -1.35) (end 2.48 -1.35) (layer F.Fab) (width 0.1))
    (fp_line (start 0 0) (end 2.48 0) (layer F.Fab) (width 0.1))
    (fp_line (start 10.16 0) (end 7.68 0) (layer F.Fab) (width 0.1))
    (fp_line (start 3.26 -1.35) (end 3.26 1.35) (layer F.Fab) (width 0.1))
    (fp_line (start 3.36 -1.35) (end 3.36 1.35) (layer F.Fab) (width 0.1))
    (fp_line (start 3.16 -1.35) (end 3.16 1.35) (layer F.Fab) (width 0.1))
    (fp_line (start 2.36 -1.47) (end 2.36 1.47) (layer F.SilkS) (width 0.12))
    (fp_line (start 2.36 1.47) (end 7.8 1.47) (layer F.SilkS) (width 0.12))
    (fp_line (start 7.8 1.47) (end 7.8 -1.47) (layer F.SilkS) (width 0.12))
    (fp_line (start 7.8 -1.47) (end 2.36 -1.47) (layer F.SilkS) (width 0.12))
    (fp_line (start 1.34 0) (end 2.36 0) (layer F.SilkS) (width 0.12))
    (fp_line (start 8.82 0) (end 7.8 0) (layer F.SilkS) (width 0.12))
    (fp_line (start 3.26 -1.47) (end 3.26 1.47) (layer F.SilkS) (width 0.12))
    (fp_line (start 3.38 -1.47) (end 3.38 1.47) (layer F.SilkS) (width 0.12))
    (fp_line (start 3.14 -1.47) (end 3.14 1.47) (layer F.SilkS) (width 0.12))
    (fp_line (start -1.35 -1.6) (end -1.35 1.6) (layer F.CrtYd) (width 0.05))
    (fp_line (start -1.35 1.6) (end 11.51 1.6) (layer F.CrtYd) (width 0.05))
    (fp_line (start 11.51 1.6) (end 11.51 -1.6) (layer F.CrtYd) (width 0.05))
    (fp_line (start 11.51 -1.6) (end -1.35 -1.6) (layer F.CrtYd) (width 0.05))
    (fp_text user %R (at 5.47 0) (layer F.Fab)
      (effects (font (size 1 1) (thickness 0.15)))
    )
    (fp_text user K (at 0 -2.1) (layer F.Fab)
      (effects (font (size 1 1) (thickness 0.15)))
    )
    (fp_text user K (at 0 -2.1) (layer F.SilkS)
      (effects (font (size 1 1) (thickness 0.15)))
    )
    (pad 1 thru_hole rect (at 0 0) (size 2.2 2.2) (drill 1.1) (layers *.Cu *.Mask)
      (net 4 "Net-(C2-Pad2)"))
    (pad 2 thru_hole oval (at 10.16 0) (size 2.2 2.2) (drill 1.1) (layers *.Cu *.Mask)
      (net 6 "Net-(D1-Pad2)"))
    (model ${KISYS3DMOD}/Diode_THT.3dshapes/D_DO-41_SOD81_P10.16mm_Horizontal.wrl
      (at (xyz 0 0 0))
      (scale (xyz 1 1 1))
      (rotate (xyz 0 0 0))
    )
  )

  (module LED_THT:LED_D5.0mm (layer F.Cu) (tedit 5995936A) (tstamp 5BFD0EDB)
    (at 172.72 60.96)
    (descr "LED, diameter 5.0mm, 2 pins, http://cdn-reichelt.de/documents/datenblatt/A500/LL-504BC2E-009.pdf")
    (tags "LED diameter 5.0mm 2 pins")
    (path /5BF68440)
    (fp_text reference D2 (at 1.27 -3.96) (layer F.SilkS)
      (effects (font (size 1 1) (thickness 0.15)))
    )
    (fp_text value LED (at 1.27 3.96) (layer F.Fab)
      (effects (font (size 1 1) (thickness 0.15)))
    )
    (fp_arc (start 1.27 0) (end -1.23 -1.469694) (angle 299.1) (layer F.Fab) (width 0.1))
    (fp_arc (start 1.27 0) (end -1.29 -1.54483) (angle 148.9) (layer F.SilkS) (width 0.12))
    (fp_arc (start 1.27 0) (end -1.29 1.54483) (angle -148.9) (layer F.SilkS) (width 0.12))
    (fp_circle (center 1.27 0) (end 3.77 0) (layer F.Fab) (width 0.1))
    (fp_circle (center 1.27 0) (end 3.77 0) (layer F.SilkS) (width 0.12))
    (fp_line (start -1.23 -1.469694) (end -1.23 1.469694) (layer F.Fab) (width 0.1))
    (fp_line (start -1.29 -1.545) (end -1.29 1.545) (layer F.SilkS) (width 0.12))
    (fp_line (start -1.95 -3.25) (end -1.95 3.25) (layer F.CrtYd) (width 0.05))
    (fp_line (start -1.95 3.25) (end 4.5 3.25) (layer F.CrtYd) (width 0.05))
    (fp_line (start 4.5 3.25) (end 4.5 -3.25) (layer F.CrtYd) (width 0.05))
    (fp_line (start 4.5 -3.25) (end -1.95 -3.25) (layer F.CrtYd) (width 0.05))
    (fp_text user %R (at 1.25 0) (layer F.Fab)
      (effects (font (size 0.8 0.8) (thickness 0.2)))
    )
    (pad 1 thru_hole rect (at 0 0) (size 1.8 1.8) (drill 0.9) (layers *.Cu *.Mask)
      (net 3 GND))
    (pad 2 thru_hole circle (at 2.54 0) (size 1.8 1.8) (drill 0.9) (layers *.Cu *.Mask)
      (net 7 "Net-(D2-Pad2)"))
    (model ${KISYS3DMOD}/LED_THT.3dshapes/LED_D5.0mm.wrl
      (at (xyz 0 0 0))
      (scale (xyz 1 1 1))
      (rotate (xyz 0 0 0))
    )
  )

  (module My_Footprints:header_2_pins (layer F.Cu) (tedit 5BFCF9BC) (tstamp 5BFD0EE1)
    (at 153.4 89.56)
    (path /5BF34C06)
    (fp_text reference J1 (at -14.4 -3.4) (layer F.SilkS)
      (effects (font (size 1 1) (thickness 0.15)))
    )
    (fp_text value Conn_01x02_Male (at -11.4 -6.2) (layer F.Fab)
      (effects (font (size 1 1) (thickness 0.15)))
    )
    (pad 2 thru_hole rect (at 2.54 0) (size 1.5 1.5) (drill 1) (layers *.Cu *.Mask)
      (net 3 GND))
    (pad 1 thru_hole circle (at 0 0) (size 1.5 1.5) (drill 1) (layers *.Cu *.Mask)
      (net 8 "Net-(J1-Pad1)"))
  )

  (module My_Footprints:header_2_pins (layer F.Cu) (tedit 5BFCF9BC) (tstamp 5BFD0EE7)
    (at 191.77 124.46)
    (path /5BF61605)
    (fp_text reference J2 (at 5.08 1.27) (layer F.SilkS)
      (effects (font (size 1 1) (thickness 0.15)))
    )
    (fp_text value Conn_01x02_Male (at 11.43 0) (layer F.Fab)
      (effects (font (size 1 1) (thickness 0.15)))
    )
    (pad 1 thru_hole circle (at 0 0) (size 1.5 1.5) (drill 1) (layers *.Cu *.Mask)
      (net 6 "Net-(D1-Pad2)"))
    (pad 2 thru_hole rect (at 2.54 0) (size 1.5 1.5) (drill 1) (layers *.Cu *.Mask)
      (net 3 GND))
  )

  (module My_Footprints:Vertical_BNC_Connector (layer F.Cu) (tedit 5BFD0307) (tstamp 5BFD0EF0)
    (at 182.88 83.82)
    (path /5BF5C810)
    (fp_text reference J3 (at 0.08 7.62) (layer F.SilkS)
      (effects (font (size 1 1) (thickness 0.15)))
    )
    (fp_text value "Test Line" (at 0 5.08) (layer F.Fab)
      (effects (font (size 1 1) (thickness 0.15)))
    )
    (pad 2 thru_hole rect (at -2.54 -2.54) (size 2.286 2.286) (drill 1.7018) (layers *.Cu *.Mask)
      (net 3 GND))
    (pad 2 thru_hole rect (at 2.54 -2.54) (size 2.286 2.286) (drill 1.7018) (layers *.Cu *.Mask)
      (net 3 GND))
    (pad 2 thru_hole rect (at -2.54 2.54) (size 2.286 2.286) (drill 1.7018) (layers *.Cu *.Mask)
      (net 3 GND))
    (pad 2 thru_hole rect (at 2.54 2.54) (size 2.286 2.286) (drill 1.7018) (layers *.Cu *.Mask)
      (net 3 GND))
    (pad 1 thru_hole rect (at 0 0) (size 2.286 2.286) (drill 1.7018) (layers *.Cu *.Mask)
      (net 9 "Net-(J3-Pad1)"))
  )

  (module My_Footprints:BNC_Connector (layer F.Cu) (tedit 5BFCFE4E) (tstamp 5BFD0EF9)
    (at 204.47 83.82 90)
    (path /5BF5CE7C)
    (fp_text reference J4 (at 5.08 6.35 90) (layer F.SilkS)
      (effects (font (size 1 1) (thickness 0.15)))
    )
    (fp_text value OSC (at 4.445 4.445 90) (layer F.Fab)
      (effects (font (size 1 1) (thickness 0.15)))
    )
    (pad 1 smd rect (at 0 0 90) (size 0.6985 4.7244) (layers F.Cu F.Paste F.Mask)
      (net 16 "Net-(J4-Pad1)"))
    (pad 2 thru_hole rect (at -4.73075 -1.1811 90) (size 0.9779 2.3622) (drill 0.508) (layers *.Cu *.Mask)
      (net 3 GND))
    (pad 2 thru_hole rect (at -4.73075 1.1811 90) (size 0.9779 2.3622) (drill 0.508) (layers *.Cu *.Mask)
      (net 3 GND))
    (pad 2 thru_hole rect (at 4.73075 -1.1811 90) (size 0.9779 2.3622) (drill 0.508) (layers *.Cu *.Mask)
      (net 3 GND))
    (pad 2 thru_hole rect (at 4.73075 1.1811 90) (size 0.9779 2.3622) (drill 0.508) (layers *.Cu *.Mask)
      (net 3 GND))
  )

  (module My_Footprints:header_2_pins (layer F.Cu) (tedit 5BFCF9BC) (tstamp 5BFD0EFF)
    (at 191.77 113.03)
    (path /5BFC95F1)
    (fp_text reference JP1 (at 6.35 0) (layer F.SilkS)
      (effects (font (size 1 1) (thickness 0.15)))
    )
    (fp_text value Jumper (at 6.35 -1.27) (layer F.Fab)
      (effects (font (size 1 1) (thickness 0.15)))
    )
    (pad 1 thru_hole circle (at 0 0) (size 1.5 1.5) (drill 1) (layers *.Cu *.Mask)
      (net 1 "Net-(C1-Pad2)"))
    (pad 2 thru_hole rect (at 2.54 0) (size 1.5 1.5) (drill 1) (layers *.Cu *.Mask)
      (net 8 "Net-(J1-Pad1)"))
  )

  (module My_Footprints:header_2_pins (layer F.Cu) (tedit 5BFCF9BC) (tstamp 5BFD0F05)
    (at 191.77 104.14)
    (path /5BFCA8E8)
    (fp_text reference JP2 (at 6.096 1.473962) (layer F.SilkS)
      (effects (font (size 1 1) (thickness 0.15)))
    )
    (fp_text value Jumper (at 7.112 0) (layer F.Fab)
      (effects (font (size 1 1) (thickness 0.15)))
    )
    (pad 2 thru_hole rect (at 2.54 0) (size 1.5 1.5) (drill 1) (layers *.Cu *.Mask)
      (net 3 GND))
    (pad 1 thru_hole circle (at 0 0) (size 1.5 1.5) (drill 1) (layers *.Cu *.Mask)
      (net 1 "Net-(C1-Pad2)"))
  )

  (module My_Footprints:header_2_pins (layer F.Cu) (tedit 5BFCF9BC) (tstamp 5BFD0F0B)
    (at 191.77 107.95)
    (path /5BFA2C68)
    (fp_text reference JP3 (at 6.35 0) (layer F.SilkS)
      (effects (font (size 1 1) (thickness 0.15)))
    )
    (fp_text value Jumper (at 6.35 -1.27) (layer F.Fab)
      (effects (font (size 1 1) (thickness 0.15)))
    )
    (pad 2 thru_hole rect (at 2.54 0) (size 1.5 1.5) (drill 1) (layers *.Cu *.Mask)
      (net 9 "Net-(J3-Pad1)"))
    (pad 1 thru_hole circle (at 0 0) (size 1.5 1.5) (drill 1) (layers *.Cu *.Mask)
      (net 3 GND))
  )

  (module My_Footprints:header_2_pins (layer F.Cu) (tedit 5BFCF9BC) (tstamp 5BFD12E4)
    (at 191.77 116.84)
    (path /5BFA2CF7)
    (fp_text reference JP4 (at 5.08 1.27) (layer F.SilkS)
      (effects (font (size 1 1) (thickness 0.15)))
    )
    (fp_text value Jumper (at 6.35 0) (layer F.Fab)
      (effects (font (size 1 1) (thickness 0.15)))
    )
    (pad 1 thru_hole circle (at 0 0) (size 1.5 1.5) (drill 1) (layers *.Cu *.Mask)
      (net 15 "Net-(JP4-Pad1)"))
    (pad 2 thru_hole rect (at 2.54 0) (size 1.5 1.5) (drill 1) (layers *.Cu *.Mask)
      (net 10 "Net-(JP4-Pad2)"))
  )

  (module My_Footprints:header_2_pins (layer F.Cu) (tedit 5BFCF9BC) (tstamp 5BFD0F17)
    (at 191.77 120.65)
    (path /5BFA3C4F)
    (fp_text reference JP5 (at 5.08 1.27) (layer F.SilkS)
      (effects (font (size 1 1) (thickness 0.15)))
    )
    (fp_text value Jumper (at 6.35 0) (layer F.Fab)
      (effects (font (size 1 1) (thickness 0.15)))
    )
    (pad 2 thru_hole rect (at 2.54 0) (size 1.5 1.5) (drill 1) (layers *.Cu *.Mask)
      (net 11 "Net-(JP5-Pad2)"))
    (pad 1 thru_hole circle (at 0 0) (size 1.5 1.5) (drill 1) (layers *.Cu *.Mask)
      (net 15 "Net-(JP4-Pad1)"))
  )

  (module My_Footprints:header_2_pins (layer F.Cu) (tedit 5BFCF9BC) (tstamp 5BFD0F1D)
    (at 191.77 128.27)
    (path /5BFAAAF3)
    (fp_text reference JP6 (at 5.08 0) (layer F.SilkS)
      (effects (font (size 1 1) (thickness 0.15)))
    )
    (fp_text value Jumper (at 6.35 -1.27) (layer F.Fab)
      (effects (font (size 1 1) (thickness 0.15)))
    )
    (pad 1 thru_hole circle (at 0 0) (size 1.5 1.5) (drill 1) (layers *.Cu *.Mask)
      (net 15 "Net-(JP4-Pad1)"))
    (pad 2 thru_hole rect (at 2.54 0) (size 1.5 1.5) (drill 1) (layers *.Cu *.Mask)
      (net 9 "Net-(J3-Pad1)"))
  )

  (module Resistor_SMD:R_0805_2012Metric (layer F.Cu) (tedit 5B36C52B) (tstamp 5BFD0F2E)
    (at 151.4625 110.49)
    (descr "Resistor SMD 0805 (2012 Metric), square (rectangular) end terminal, IPC_7351 nominal, (Body size source: https://docs.google.com/spreadsheets/d/1BsfQQcO9C6DZCsRaXUlFlo91Tg2WpOkGARC1WS5S8t0/edit?usp=sharing), generated with kicad-footprint-generator")
    (tags resistor)
    (path /5BF350A6)
    (attr smd)
    (fp_text reference R1 (at 0 -1.65) (layer F.SilkS)
      (effects (font (size 1 1) (thickness 0.15)))
    )
    (fp_text value R (at 0 1.65) (layer F.Fab)
      (effects (font (size 1 1) (thickness 0.15)))
    )
    (fp_line (start -1 0.6) (end -1 -0.6) (layer F.Fab) (width 0.1))
    (fp_line (start -1 -0.6) (end 1 -0.6) (layer F.Fab) (width 0.1))
    (fp_line (start 1 -0.6) (end 1 0.6) (layer F.Fab) (width 0.1))
    (fp_line (start 1 0.6) (end -1 0.6) (layer F.Fab) (width 0.1))
    (fp_line (start -0.258578 -0.71) (end 0.258578 -0.71) (layer F.SilkS) (width 0.12))
    (fp_line (start -0.258578 0.71) (end 0.258578 0.71) (layer F.SilkS) (width 0.12))
    (fp_line (start -1.68 0.95) (end -1.68 -0.95) (layer F.CrtYd) (width 0.05))
    (fp_line (start -1.68 -0.95) (end 1.68 -0.95) (layer F.CrtYd) (width 0.05))
    (fp_line (start 1.68 -0.95) (end 1.68 0.95) (layer F.CrtYd) (width 0.05))
    (fp_line (start 1.68 0.95) (end -1.68 0.95) (layer F.CrtYd) (width 0.05))
    (fp_text user %R (at 0 0) (layer F.Fab)
      (effects (font (size 0.5 0.5) (thickness 0.08)))
    )
    (pad 1 smd roundrect (at -0.9375 0) (size 0.975 1.4) (layers F.Cu F.Paste F.Mask) (roundrect_rratio 0.25)
      (net 5 VCC))
    (pad 2 smd roundrect (at 0.9375 0) (size 0.975 1.4) (layers F.Cu F.Paste F.Mask) (roundrect_rratio 0.25)
      (net 2 "Net-(C1-Pad1)"))
    (model ${KISYS3DMOD}/Resistor_SMD.3dshapes/R_0805_2012Metric.wrl
      (at (xyz 0 0 0))
      (scale (xyz 1 1 1))
      (rotate (xyz 0 0 0))
    )
  )

  (module Resistor_SMD:R_0805_2012Metric (layer F.Cu) (tedit 5B36C52B) (tstamp 5BFD0F3F)
    (at 159.0825 110.49)
    (descr "Resistor SMD 0805 (2012 Metric), square (rectangular) end terminal, IPC_7351 nominal, (Body size source: https://docs.google.com/spreadsheets/d/1BsfQQcO9C6DZCsRaXUlFlo91Tg2WpOkGARC1WS5S8t0/edit?usp=sharing), generated with kicad-footprint-generator")
    (tags resistor)
    (path /5BF34FD3)
    (attr smd)
    (fp_text reference R2 (at 0 -1.65) (layer F.SilkS)
      (effects (font (size 1 1) (thickness 0.15)))
    )
    (fp_text value R (at 0 1.65) (layer F.Fab)
      (effects (font (size 1 1) (thickness 0.15)))
    )
    (fp_text user %R (at 0 0) (layer F.Fab)
      (effects (font (size 0.5 0.5) (thickness 0.08)))
    )
    (fp_line (start 1.68 0.95) (end -1.68 0.95) (layer F.CrtYd) (width 0.05))
    (fp_line (start 1.68 -0.95) (end 1.68 0.95) (layer F.CrtYd) (width 0.05))
    (fp_line (start -1.68 -0.95) (end 1.68 -0.95) (layer F.CrtYd) (width 0.05))
    (fp_line (start -1.68 0.95) (end -1.68 -0.95) (layer F.CrtYd) (width 0.05))
    (fp_line (start -0.258578 0.71) (end 0.258578 0.71) (layer F.SilkS) (width 0.12))
    (fp_line (start -0.258578 -0.71) (end 0.258578 -0.71) (layer F.SilkS) (width 0.12))
    (fp_line (start 1 0.6) (end -1 0.6) (layer F.Fab) (width 0.1))
    (fp_line (start 1 -0.6) (end 1 0.6) (layer F.Fab) (width 0.1))
    (fp_line (start -1 -0.6) (end 1 -0.6) (layer F.Fab) (width 0.1))
    (fp_line (start -1 0.6) (end -1 -0.6) (layer F.Fab) (width 0.1))
    (pad 2 smd roundrect (at 0.9375 0) (size 0.975 1.4) (layers F.Cu F.Paste F.Mask) (roundrect_rratio 0.25)
      (net 3 GND))
    (pad 1 smd roundrect (at -0.9375 0) (size 0.975 1.4) (layers F.Cu F.Paste F.Mask) (roundrect_rratio 0.25)
      (net 2 "Net-(C1-Pad1)"))
    (model ${KISYS3DMOD}/Resistor_SMD.3dshapes/R_0805_2012Metric.wrl
      (at (xyz 0 0 0))
      (scale (xyz 1 1 1))
      (rotate (xyz 0 0 0))
    )
  )

  (module Resistor_SMD:R_0805_2012Metric (layer F.Cu) (tedit 5B36C52B) (tstamp 5BFD0F50)
    (at 155.2725 110.49)
    (descr "Resistor SMD 0805 (2012 Metric), square (rectangular) end terminal, IPC_7351 nominal, (Body size source: https://docs.google.com/spreadsheets/d/1BsfQQcO9C6DZCsRaXUlFlo91Tg2WpOkGARC1WS5S8t0/edit?usp=sharing), generated with kicad-footprint-generator")
    (tags resistor)
    (path /5BF687EC)
    (attr smd)
    (fp_text reference R3 (at 0 -1.65) (layer F.SilkS)
      (effects (font (size 1 1) (thickness 0.15)))
    )
    (fp_text value R (at 0 1.65) (layer F.Fab)
      (effects (font (size 1 1) (thickness 0.15)))
    )
    (fp_text user %R (at 0 0) (layer F.Fab)
      (effects (font (size 0.5 0.5) (thickness 0.08)))
    )
    (fp_line (start 1.68 0.95) (end -1.68 0.95) (layer F.CrtYd) (width 0.05))
    (fp_line (start 1.68 -0.95) (end 1.68 0.95) (layer F.CrtYd) (width 0.05))
    (fp_line (start -1.68 -0.95) (end 1.68 -0.95) (layer F.CrtYd) (width 0.05))
    (fp_line (start -1.68 0.95) (end -1.68 -0.95) (layer F.CrtYd) (width 0.05))
    (fp_line (start -0.258578 0.71) (end 0.258578 0.71) (layer F.SilkS) (width 0.12))
    (fp_line (start -0.258578 -0.71) (end 0.258578 -0.71) (layer F.SilkS) (width 0.12))
    (fp_line (start 1 0.6) (end -1 0.6) (layer F.Fab) (width 0.1))
    (fp_line (start 1 -0.6) (end 1 0.6) (layer F.Fab) (width 0.1))
    (fp_line (start -1 -0.6) (end 1 -0.6) (layer F.Fab) (width 0.1))
    (fp_line (start -1 0.6) (end -1 -0.6) (layer F.Fab) (width 0.1))
    (pad 2 smd roundrect (at 0.9375 0) (size 0.975 1.4) (layers F.Cu F.Paste F.Mask) (roundrect_rratio 0.25)
      (net 5 VCC))
    (pad 1 smd roundrect (at -0.9375 0) (size 0.975 1.4) (layers F.Cu F.Paste F.Mask) (roundrect_rratio 0.25)
      (net 7 "Net-(D2-Pad2)"))
    (model ${KISYS3DMOD}/Resistor_SMD.3dshapes/R_0805_2012Metric.wrl
      (at (xyz 0 0 0))
      (scale (xyz 1 1 1))
      (rotate (xyz 0 0 0))
    )
  )

  (module Resistor_SMD:R_0805_2012Metric (layer F.Cu) (tedit 5B36C52B) (tstamp 5BFD0F61)
    (at 171.7825 110.49)
    (descr "Resistor SMD 0805 (2012 Metric), square (rectangular) end terminal, IPC_7351 nominal, (Body size source: https://docs.google.com/spreadsheets/d/1BsfQQcO9C6DZCsRaXUlFlo91Tg2WpOkGARC1WS5S8t0/edit?usp=sharing), generated with kicad-footprint-generator")
    (tags resistor)
    (path /5BFA4CB4)
    (attr smd)
    (fp_text reference R5 (at 0 -1.65) (layer F.SilkS)
      (effects (font (size 1 1) (thickness 0.15)))
    )
    (fp_text value R (at 0 1.65) (layer F.Fab)
      (effects (font (size 1 1) (thickness 0.15)))
    )
    (fp_line (start -1 0.6) (end -1 -0.6) (layer F.Fab) (width 0.1))
    (fp_line (start -1 -0.6) (end 1 -0.6) (layer F.Fab) (width 0.1))
    (fp_line (start 1 -0.6) (end 1 0.6) (layer F.Fab) (width 0.1))
    (fp_line (start 1 0.6) (end -1 0.6) (layer F.Fab) (width 0.1))
    (fp_line (start -0.258578 -0.71) (end 0.258578 -0.71) (layer F.SilkS) (width 0.12))
    (fp_line (start -0.258578 0.71) (end 0.258578 0.71) (layer F.SilkS) (width 0.12))
    (fp_line (start -1.68 0.95) (end -1.68 -0.95) (layer F.CrtYd) (width 0.05))
    (fp_line (start -1.68 -0.95) (end 1.68 -0.95) (layer F.CrtYd) (width 0.05))
    (fp_line (start 1.68 -0.95) (end 1.68 0.95) (layer F.CrtYd) (width 0.05))
    (fp_line (start 1.68 0.95) (end -1.68 0.95) (layer F.CrtYd) (width 0.05))
    (fp_text user %R (at 0 0) (layer F.Fab)
      (effects (font (size 0.5 0.5) (thickness 0.08)))
    )
    (pad 1 smd roundrect (at -0.9375 0) (size 0.975 1.4) (layers F.Cu F.Paste F.Mask) (roundrect_rratio 0.25)
      (net 9 "Net-(J3-Pad1)"))
    (pad 2 smd roundrect (at 0.9375 0) (size 0.975 1.4) (layers F.Cu F.Paste F.Mask) (roundrect_rratio 0.25)
      (net 10 "Net-(JP4-Pad2)"))
    (model ${KISYS3DMOD}/Resistor_SMD.3dshapes/R_0805_2012Metric.wrl
      (at (xyz 0 0 0))
      (scale (xyz 1 1 1))
      (rotate (xyz 0 0 0))
    )
  )

  (module Resistor_SMD:R_0805_2012Metric (layer F.Cu) (tedit 5B36C52B) (tstamp 5BFD0F72)
    (at 162.8925 110.49)
    (descr "Resistor SMD 0805 (2012 Metric), square (rectangular) end terminal, IPC_7351 nominal, (Body size source: https://docs.google.com/spreadsheets/d/1BsfQQcO9C6DZCsRaXUlFlo91Tg2WpOkGARC1WS5S8t0/edit?usp=sharing), generated with kicad-footprint-generator")
    (tags resistor)
    (path /5BFA5C0B)
    (attr smd)
    (fp_text reference R6 (at 0 -1.65) (layer F.SilkS)
      (effects (font (size 1 1) (thickness 0.15)))
    )
    (fp_text value R (at 0 1.65) (layer F.Fab)
      (effects (font (size 1 1) (thickness 0.15)))
    )
    (fp_line (start -1 0.6) (end -1 -0.6) (layer F.Fab) (width 0.1))
    (fp_line (start -1 -0.6) (end 1 -0.6) (layer F.Fab) (width 0.1))
    (fp_line (start 1 -0.6) (end 1 0.6) (layer F.Fab) (width 0.1))
    (fp_line (start 1 0.6) (end -1 0.6) (layer F.Fab) (width 0.1))
    (fp_line (start -0.258578 -0.71) (end 0.258578 -0.71) (layer F.SilkS) (width 0.12))
    (fp_line (start -0.258578 0.71) (end 0.258578 0.71) (layer F.SilkS) (width 0.12))
    (fp_line (start -1.68 0.95) (end -1.68 -0.95) (layer F.CrtYd) (width 0.05))
    (fp_line (start -1.68 -0.95) (end 1.68 -0.95) (layer F.CrtYd) (width 0.05))
    (fp_line (start 1.68 -0.95) (end 1.68 0.95) (layer F.CrtYd) (width 0.05))
    (fp_line (start 1.68 0.95) (end -1.68 0.95) (layer F.CrtYd) (width 0.05))
    (fp_text user %R (at 0 0) (layer F.Fab)
      (effects (font (size 0.5 0.5) (thickness 0.08)))
    )
    (pad 1 smd roundrect (at -0.9375 0) (size 0.975 1.4) (layers F.Cu F.Paste F.Mask) (roundrect_rratio 0.25)
      (net 9 "Net-(J3-Pad1)"))
    (pad 2 smd roundrect (at 0.9375 0) (size 0.975 1.4) (layers F.Cu F.Paste F.Mask) (roundrect_rratio 0.25)
      (net 11 "Net-(JP5-Pad2)"))
    (model ${KISYS3DMOD}/Resistor_SMD.3dshapes/R_0805_2012Metric.wrl
      (at (xyz 0 0 0))
      (scale (xyz 1 1 1))
      (rotate (xyz 0 0 0))
    )
  )

  (module Resistor_SMD:R_0805_2012Metric (layer F.Cu) (tedit 5B36C52B) (tstamp 5BFD163D)
    (at 189.5625 83.82)
    (descr "Resistor SMD 0805 (2012 Metric), square (rectangular) end terminal, IPC_7351 nominal, (Body size source: https://docs.google.com/spreadsheets/d/1BsfQQcO9C6DZCsRaXUlFlo91Tg2WpOkGARC1WS5S8t0/edit?usp=sharing), generated with kicad-footprint-generator")
    (tags resistor)
    (path /5BF35A5D)
    (attr smd)
    (fp_text reference R7 (at 0 -1.65) (layer F.SilkS)
      (effects (font (size 1 1) (thickness 0.15)))
    )
    (fp_text value R (at 0 1.65) (layer F.Fab)
      (effects (font (size 1 1) (thickness 0.15)))
    )
    (fp_text user %R (at 0 0) (layer F.Fab)
      (effects (font (size 0.5 0.5) (thickness 0.08)))
    )
    (fp_line (start 1.68 0.95) (end -1.68 0.95) (layer F.CrtYd) (width 0.05))
    (fp_line (start 1.68 -0.95) (end 1.68 0.95) (layer F.CrtYd) (width 0.05))
    (fp_line (start -1.68 -0.95) (end 1.68 -0.95) (layer F.CrtYd) (width 0.05))
    (fp_line (start -1.68 0.95) (end -1.68 -0.95) (layer F.CrtYd) (width 0.05))
    (fp_line (start -0.258578 0.71) (end 0.258578 0.71) (layer F.SilkS) (width 0.12))
    (fp_line (start -0.258578 -0.71) (end 0.258578 -0.71) (layer F.SilkS) (width 0.12))
    (fp_line (start 1 0.6) (end -1 0.6) (layer F.Fab) (width 0.1))
    (fp_line (start 1 -0.6) (end 1 0.6) (layer F.Fab) (width 0.1))
    (fp_line (start -1 -0.6) (end 1 -0.6) (layer F.Fab) (width 0.1))
    (fp_line (start -1 0.6) (end -1 -0.6) (layer F.Fab) (width 0.1))
    (pad 2 smd roundrect (at 0.9375 0) (size 0.975 1.4) (layers F.Cu F.Paste F.Mask) (roundrect_rratio 0.25)
      (net 16 "Net-(J4-Pad1)"))
    (pad 1 smd roundrect (at -0.9375 0) (size 0.975 1.4) (layers F.Cu F.Paste F.Mask) (roundrect_rratio 0.25)
      (net 9 "Net-(J3-Pad1)"))
    (model ${KISYS3DMOD}/Resistor_SMD.3dshapes/R_0805_2012Metric.wrl
      (at (xyz 0 0 0))
      (scale (xyz 1 1 1))
      (rotate (xyz 0 0 0))
    )
  )

  (module My_Footprints:HC00 (layer F.Cu) (tedit 5BFCF3B9) (tstamp 5BFD0F9A)
    (at 145.600001 92.599146)
    (path /5BF5D5E6)
    (fp_text reference U1 (at 1.8034 4.8641) (layer F.SilkS)
      (effects (font (size 1 1) (thickness 0.15)))
    )
    (fp_text value 74HC00 (at 1.8923 2.8067) (layer F.Fab)
      (effects (font (size 1 1) (thickness 0.15)))
    )
    (fp_line (start -2 -5.92) (end -2 -1.11) (layer F.SilkS) (width 0.12))
    (fp_line (start -2.03 -1.03) (end 6.99 -1.03) (layer F.SilkS) (width 0.12))
    (fp_line (start 6.99 -1) (end 6.99 -5.87) (layer F.SilkS) (width 0.12))
    (fp_line (start 6.96 -5.9) (end -2 -5.9) (layer F.SilkS) (width 0.12))
    (fp_circle (center -1.29 -3.64) (end -0.66 -3.52) (layer F.SilkS) (width 0.12))
    (pad 1 smd rect (at -1.27 0.2032) (size 0.510032 1.592072) (layers F.Cu F.Paste F.Mask)
      (net 2 "Net-(C1-Pad1)"))
    (pad 2 smd rect (at 0 0.2032) (size 0.510032 1.592072) (layers F.Cu F.Paste F.Mask)
      (net 2 "Net-(C1-Pad1)"))
    (pad 3 smd rect (at 1.27 0.2032) (size 0.510032 1.592072) (layers F.Cu F.Paste F.Mask)
      (net 12 "Net-(U1-Pad12)"))
    (pad 4 smd rect (at 2.54 0.2032) (size 0.510032 1.592072) (layers F.Cu F.Paste F.Mask)
      (net 13 "Net-(U1-Pad11)"))
    (pad 5 smd rect (at 3.81 0.2032) (size 0.510032 1.592072) (layers F.Cu F.Paste F.Mask)
      (net 13 "Net-(U1-Pad11)"))
    (pad 6 smd rect (at 5.08 0.2032) (size 0.510032 1.592072) (layers F.Cu F.Paste F.Mask)
      (net 15 "Net-(JP4-Pad1)"))
    (pad 7 thru_hole circle (at 6.35 0) (size 0.762 0.762) (drill 0.508) (layers *.Cu *.Mask)
      (net 3 GND))
    (pad 8 smd rect (at 6.35 -7.10311) (size 0.510032 1.592072) (layers F.Cu F.Paste F.Mask)
      (net 14 "Net-(U1-Pad13)"))
    (pad 9 smd rect (at 5.08 -7.10311) (size 0.510032 1.592072) (layers F.Cu F.Paste F.Mask)
      (net 12 "Net-(U1-Pad12)"))
    (pad 10 smd rect (at 3.81 -7.10311) (size 0.510032 1.592072) (layers F.Cu F.Paste F.Mask)
      (net 5 VCC))
    (pad 11 smd rect (at 2.54 -7.10311) (size 0.510032 1.592072) (layers F.Cu F.Paste F.Mask)
      (net 13 "Net-(U1-Pad11)"))
    (pad 12 smd rect (at 1.27 -7.10311) (size 0.510032 1.592072) (layers F.Cu F.Paste F.Mask)
      (net 12 "Net-(U1-Pad12)"))
    (pad 13 smd rect (at 0 -7.10311) (size 0.510032 1.592072) (layers F.Cu F.Paste F.Mask)
      (net 14 "Net-(U1-Pad13)"))
    (pad 14 smd rect (at -1.27 -7.10311) (size 0.510032 1.592072) (layers F.Cu F.Paste F.Mask)
      (net 5 VCC))
  )

  (module My_Footprints:L7806ABV (layer F.Cu) (tedit 5BFBA1A4) (tstamp 5BFD0FB3)
    (at 147.32 58.42)
    (path /5BF5D575)
    (fp_text reference U2 (at -2.54 6.35) (layer F.SilkS)
      (effects (font (size 1 1) (thickness 0.15)))
    )
    (fp_text value L7806 (at -2.54 4.445) (layer F.SilkS)
      (effects (font (size 1 1) (thickness 0.15)))
    )
    (fp_circle (center -7.249 1.524) (end -7.0458 1.524) (layer F.Fab) (width 0.1524))
    (fp_circle (center -9.662 1.524) (end -9.4588 1.524) (layer F.SilkS) (width 0.1524))
    (fp_line (start 2.911 3.3147) (end -8.011 3.3147) (layer F.CrtYd) (width 0.1524))
    (fp_line (start 2.911 -1.7907) (end 2.911 3.3147) (layer F.CrtYd) (width 0.1524))
    (fp_line (start -8.011 -1.7907) (end 2.911 -1.7907) (layer F.CrtYd) (width 0.1524))
    (fp_line (start -8.011 3.3147) (end -8.011 -1.7907) (layer F.CrtYd) (width 0.1524))
    (fp_line (start -7.757 -1.5367) (end -7.757 3.0607) (layer F.Fab) (width 0.1524))
    (fp_line (start 2.657 -1.5367) (end -7.757 -1.5367) (layer F.Fab) (width 0.1524))
    (fp_line (start 2.657 3.0607) (end 2.657 -1.5367) (layer F.Fab) (width 0.1524))
    (fp_line (start -7.757 3.0607) (end 2.657 3.0607) (layer F.Fab) (width 0.1524))
    (fp_line (start -7.884 -1.6637) (end -7.884 3.1877) (layer F.SilkS) (width 0.1524))
    (fp_line (start 2.784 -1.6637) (end -7.884 -1.6637) (layer F.SilkS) (width 0.1524))
    (fp_line (start 2.784 3.1877) (end 2.784 -1.6637) (layer F.SilkS) (width 0.1524))
    (fp_line (start -7.884 3.1877) (end 2.784 3.1877) (layer F.SilkS) (width 0.1524))
    (fp_line (start -5.1 1.778) (end -5.1 1.27) (layer F.Fab) (width 0.1524))
    (fp_line (start -5.354 1.524) (end -4.846 1.524) (layer F.Fab) (width 0.1524))
    (fp_text user * (at 0 0) (layer F.Fab)
      (effects (font (size 1 1) (thickness 0.15)))
    )
    (fp_text user * (at 0 0) (layer F.SilkS)
      (effects (font (size 1 1) (thickness 0.15)))
    )
    (pad 3 thru_hole circle (at 0 1.524) (size 2.032 2.032) (drill 1.524) (layers *.Cu *.Mask)
      (net 5 VCC))
    (pad 2 thru_hole circle (at -2.55 1.524) (size 2.032 2.032) (drill 1.524) (layers *.Cu *.Mask)
      (net 3 GND))
    (pad 1 thru_hole rect (at -5.1 1.524) (size 2.032 2.032) (drill 1.524) (layers *.Cu *.Mask)
      (net 4 "Net-(C2-Pad2)"))
  )

  (segment (start 188.625 83.82) (end 182.88 83.82) (width 0.25) (layer F.Cu) (net 9))

  (zone (net 16) (net_name "Net-(J4-Pad1)") (layer F.Cu) (tstamp 0) (hatch edge 0.508)
    (connect_pads (clearance 0.508))
    (min_thickness 0.254)
    (fill yes (arc_segments 16) (thermal_gap 0.508) (thermal_bridge_width 0.508))
    (polygon
      (pts
        (xy 205.5622 85.293962) (xy 205.5622 82.346038) (xy 190.246 82.346038) (xy 190.246 85.293962)
      )
    )
    (filled_polygon
      (pts
        (xy 205.4352 82.83575) (xy 204.75575 82.83575) (xy 204.597 82.9945) (xy 204.597 83.693) (xy 204.617 83.693)
        (xy 204.617 83.947) (xy 204.597 83.947) (xy 204.597 84.6455) (xy 204.75575 84.80425) (xy 205.4352 84.80425)
        (xy 205.4352 85.166962) (xy 190.373 85.166962) (xy 190.373 83.947) (xy 190.627 83.947) (xy 190.627 84.99625)
        (xy 190.78575 85.155) (xy 191.113809 85.155) (xy 191.347198 85.058327) (xy 191.525827 84.879699) (xy 191.6225 84.64631)
        (xy 191.6225 84.10575) (xy 201.4728 84.10575) (xy 201.4728 84.295559) (xy 201.569473 84.528948) (xy 201.748101 84.707577)
